1	0	5.514672	151.3552
2	0	0	153.114
3	0	0	149.3663
4	0	3.382054	148.2742
5	4.7625	5.514672	151.3552
6	4.7625	0	153.114
7	4.7625	0	149.3663
8	4.7625	3.382054	148.2742
9	0	8.832566999999999	147.1543
10	0	5.494702	145.3751
11	4.7625	8.832566999999999	147.1543
12	4.7625	5.494702	145.3751
13	0	9.525	142.3461
14	0	5.490828	141.7893
15	4.7625	9.525	142.3461
16	4.7625	5.490828	141.7893
17	0	3.373567	138.8987
18	0	0	137.8105
19	0	0	133.5893
20	0	4.965012	133.4618
21	4.7625	3.373567	138.8987
22	4.7625	0	137.8105
23	4.7625	0	134.064
24	4.7625	4.7625	134.064
25	0	9.525	134.064
26	0	9.525	137.9614
27	4.7625	9.525	134.064
28	4.7625	9.525	137.9614
29	0	-3.380441	148.273
30	0	-5.514672	151.3552
31	4.7625	-3.380441	148.273
32	4.7625	-5.514672	151.3552
33	0	-5.493749	145.3781
34	0	-8.832566999999999	147.1543
35	4.7625	-5.493749	145.3781
36	4.7625	-8.832566999999999	147.1543
37	0	-5.490633	141.7887
38	0	-9.525	142.3461
39	4.7625	-5.490633	141.7887
40	4.7625	-9.525	142.3461
41	0	-4.965	133.4617
42	0	-3.373366	138.8986
43	4.7625	-4.7625	134.064
44	4.7625	-3.373366	138.8986
45	0	-9.525	137.9614
46	4.7625	-9.525	137.9614
47	0	-9.525	134.064
48	4.7625	-9.525	134.064
49	7.874945	0.01277	123.649
50	5.565824	-5.571036	123.649
51	10.84272	-4.929571	123.649
52	11.56075	0.00307	123.649
53	5.906	0	127.947
54	4.60956	-4.613876	127.4159
55	10.39394	-4.680846	128.6921
56	10.56681	0.001657	128.6609
57	5.206348	-10.54515	123.649
58	10.30767	-9.618722	123.649
59	4.998735	-9.948732	128.6962
60	10.09878	-9.324996000000001	128.778
61	26.04811	-24.54886	123.649
62	29.47079	-25.92532	123.649
63	31.76656	-22.01691	123.649
64	27.57266	-20.94907	123.649
65	25.43633	-24.68168	128.8011
66	28.62846	-25.84129	128.6561
67	31.07536	-22.11862	128.6567
68	27.11296	-21.04908	128.8037
69	5.203961	10.55018	123.649
70	5.548142	5.588236	123.649
71	10.83734	4.935767	123.649
72	10.30501	9.620289	123.649
73	4.996263	9.950837	128.6962
74	4.594995	4.628205	127.416
75	10.39133	4.683528	128.6921
76	10.09674	9.325694	128.778
77	0	-12.24014	123.649
78	0	-7.875	123.649
79	0	-10.67163	128.822
80	0	-5.906	127.947
81	24.64322	-27.66536	123.649
82	26.54599	-29.57517	123.649
83	24.17643	-27.29436	128.7879
84	25.74625	-29.01313	128.6556
85	16.20402	0	123.649
86	15.90495	-4.572714	123.649
87	21.04246	-4.38361	123.649
88	21.24058	-0.001384	123.649
89	15.71812	0	128.8257
90	15.58461	-4.462752	128.8304
91	20.84872	-4.324188	128.8494
92	20.99041	-0.001083	128.8485
93	15.42556	-9.073168000000001	123.649
94	20.5836	-8.725925	123.649
95	15.25205	-8.898308999999999	128.8412
96	20.4518	-8.627352	128.8513
97	15.42488	9.071168999999999	123.649
98	15.90316	4.57275	123.649
99	21.04197	4.381012	123.649
100	20.58357	8.723858	123.649
101	15.2513	8.89683	128.8411
102	15.58382	4.462037	128.8304
103	20.84847	4.321996	128.8491
104	20.45164	8.625095	128.8506
105	26.47771	-0.001672	123.649
106	26.29967	-4.314356	123.649
107	31.64737	-4.370678	123.649
108	31.83969	-0.001474	123.649
109	26.37434	-0.001273	128.8404
110	26.20744	-4.290227	128.8415
111	31.6101	-4.387104	128.7973
112	31.81391	-0.001079	128.7957
113	25.81137	-8.583080000000001	123.649
114	31.09496	-8.696277	123.649
115	25.72085	-8.548962	128.8438
116	31.00633	-8.730681000000001	128.8006
117	25.81162	8.580583000000001	123.649
118	26.29979	4.311509	123.649
119	31.64762	4.367829	123.649
120	31.09543	8.693281000000001	123.649
121	25.72092	8.546624	128.841
122	26.20738	4.287741	128.8404
123	31.61015	4.384977	128.7957
124	31.0065	8.728605	128.7962
125	37.28008	0	123.649
126	37.05814	-4.545993	123.649
127	42.48478	-5.158738	123.6489
128	42.79684	0	123.6489
129	37.11309	0	128.6523
130	36.86132	-4.654856	128.6532
131	42.38482	-5.146594	128.8378
132	42.69614	0	128.8378
133	36.39611	-9.079154000000001	123.649
134	41.55322	-10.24204	123.6489
135	36.11049	-9.254293000000001	128.6549
136	41.45544	-10.21793	128.8378
137	36.39653	9.077420999999999	123.649
138	37.05843	4.544184	123.649
139	42.48482	5.158316	123.6489
140	41.55329	10.24162	123.6489
141	36.11069	9.252936	128.6525
142	36.86141	4.653498	128.6522
143	42.38486	5.146186	128.8378
144	41.45552	10.21753	128.8378
145	24.64415	27.67125	123.649
146	21.32177	28.8691	123.649
147	21.87339	24.92902	123.649
148	26.05082	24.55051	123.649
149	24.17775	27.29501	128.7877
150	21.38523	28.33149	128.8009
151	21.717	24.78458	128.8397
152	25.43763	24.6818	128.8009
153	23.00318	20.95832	123.649
154	27.57514	20.9502	123.649
155	22.77034	20.9109	128.8451
156	27.11414	21.04831	128.8032
157	24.11815	16.91846	123.649
158	29.00843	17.04158	123.649
159	23.92959	16.87919	128.8447
160	28.6995	17.11117	128.8016
161	25.07492	12.79035	123.649
162	30.20601	12.93708	123.649
163	24.94625	12.75056	128.8425
164	30.02349	12.98616	128.7983
165	17.50297	30.18428	123.649
166	17.64782	25.91079	123.649
167	17.5098	29.72227	128.8025
168	17.596	25.62226	128.8447
169	18.37573	21.59381	123.649
170	18.25081	21.40338	128.8526
171	19.2145	17.31228	123.649
172	19.0804	17.15854	128.8533
173	19.96963	13.03169	123.649
174	19.84721	12.90203	128.8523
175	13.37474	31.43533	123.649
176	13.35778	26.95101	123.649
177	13.33591	31.03481	128.8008
178	13.3075	26.61597	128.8444
179	13.79087	22.44345	123.649
180	13.69722	22.15708	128.8537
181	14.37125	17.97412	123.649
182	14.25631	17.72004	128.8544
183	14.92887	13.52415	123.649
184	14.80056	13.30797	128.8505
185	9.047226999999999	32.51189	123.649
186	8.985579	27.93462	123.649
187	8.991279	32.12816	128.8006
188	8.930230999999999	27.54925	128.8451
189	9.220611999999999	23.35344	123.649
190	9.141336000000001	22.96549	128.8548
191	9.582013	18.78925	123.649
192	9.479549	18.41367	128.8546
193	9.952446999999999	14.2249	123.649
194	9.819070999999999	13.88727	128.8429
195	4.580389	33.37934	123.649
196	4.531909	28.83701	123.649
197	4.529625	32.95929	128.8065
198	4.486672	28.36143	128.8533
199	4.631763	24.30063	123.649
200	4.576898	23.7599	128.8608
201	4.805527	19.76794	123.649
202	4.734225	19.17561	128.8601
203	4.997941	15.21481	123.649
204	4.891985	14.59978	128.8439
205	0	-16.60528	123.649
206	5.000897	-15.21428	123.649
207	0	-15.34791	128.8923
208	4.892639	-14.59987	128.8439
209	0	-20.97042	123.649
210	4.80569	-19.77028	123.649
211	0	-19.95466	128.8929
212	4.73424	-19.17613	128.8601
213	0	-25.33556	123.649
214	4.631822	-24.3009	123.649
215	0	-24.52228	128.893
216	4.576397	-23.76021	128.8608
217	0	-29.70069	123.649
218	4.527996	-28.83784	123.649
219	0	-29.05792	128.8932
220	4.485904	-28.36162	128.8534
221	0	-34.06583	123.649
222	4.580005	-33.38034	123.649
223	0	-33.53848	128.8781
224	4.52908	-32.95958	128.8065
225	29.47252	25.92389	123.649
226	26.54804	29.57542	123.649
227	28.62938	25.84106	128.656
228	25.74722	29.01335	128.6555
229	32.03413	28.37904	123.6489
230	28.37984	32.03336	123.6489
231	31.95875	28.31227	128.8378
232	28.31306	31.95799	128.8378
233	31.76827	22.01472	123.649
234	31.07618	22.11783	128.6564
235	35.22129	24.3109	123.6489
236	35.13841	24.25371	128.8378
237	33.72132	17.88141	123.649
238	33.17929	18.0501	128.6554
239	37.89485	19.88825	123.6489
240	37.80568	19.84146	128.8378
241	35.28479	13.54439	123.649
242	34.87421	13.73922	128.6537
243	40.01583	15.17559	123.6489
244	39.92167	15.13988	128.8378
245	22.60302	32.16963	123.649
246	22.25664	31.54	128.656
247	18.43807	34.14219	123.649
248	18.24782	33.59964	128.656
249	14.07854	35.77669	123.649
250	13.92891	35.30079	128.655
251	9.526980999999999	37.04303	123.649
252	9.404780000000001	36.5977	128.6546
253	4.82318	37.91663	123.649
254	4.740658	37.46498	128.6532
255	0	-38.43097	123.649
256	4.825393	-37.91935	123.649
257	0	-37.93493	128.5833
258	4.740417	-37.4653	128.6532
259	24.31173	35.22055	123.6489
260	24.25452	35.13768	128.8378
261	19.8891	37.89414	123.6489
262	19.84229	37.80498	128.8378
263	15.17645	40.01516	123.6489
264	15.14073	39.92101	128.8378
265	10.2425	41.55265	123.6489
266	10.21839	41.45489	128.8378
267	5.159197	42.48423	123.6489
268	5.147052	42.38426	128.8378
269	0	-42.79638	123.6489
270	5.158874	-42.48436	123.6489
271	0	-42.69568	128.8378
272	5.146744	-42.3844	128.8378
273	33.71996	-17.88354	123.649
274	29.00587	-17.04578	123.649
275	33.17863	-18.0513	128.6566
276	28.6986	-17.1127	128.8038
277	35.28411	-13.54615	123.649
278	30.20457	-12.94112	123.649
279	34.87379	-13.74057	128.6562
280	30.02298	-12.98812	128.803
281	28.3796	-32.03367	123.6489
282	32.03391	-28.37939	123.6489
283	28.31283	-31.95829	128.8378
284	31.95854	-28.31261	128.8378
285	35.2211	-24.31127	123.6489
286	35.13824	-24.25406	128.8378
287	37.8947	-19.88864	123.6489
288	37.80554	-19.84184	128.8378
289	40.01571	-15.17599	123.6489
290	39.92156	-15.14027	128.8378
291	21.87047	-24.9285	123.649
292	21.31938	-28.86586	123.649
293	21.71552	-24.78478	128.8398
294	21.38392	-28.33102	128.801
295	17.64422	-25.91131	123.649
296	17.50025	-30.18105	123.649
297	17.59448	-25.62296	128.8447
298	17.50864	-29.72207	128.8025
299	13.35464	-26.94988	123.649
300	13.3734	-31.43128	123.649
301	13.30612	-26.61651	128.8444
302	13.33496	-31.03465	128.8008
303	8.98246	-27.93345	123.649
304	9.046374999999999	-32.51226	123.649
305	8.92911	-27.54953	128.8452
306	8.990527999999999	-32.1283	128.8007
307	23.00026	-20.95767	123.649
308	22.76898	-20.91191	128.8454
309	18.37186	-21.59726	123.649
310	18.24931	-21.40491	128.8527
311	13.78601	-22.44634	123.649
312	13.69582	-22.15839	128.8537
313	9.218766	-23.35032	123.649
314	9.140376	-22.96613	128.8548
315	24.1163	-16.91732	123.649
316	23.92862	-16.88078	128.8461
317	19.21159	-17.3141	123.649
318	19.0794	-17.16047	128.8537
319	14.36865	-17.97637	123.649
320	14.25553	-17.72194	128.8545
321	9.580399999999999	-18.78992	123.649
322	9.479252000000001	-18.41485	128.8546
323	25.07417	-12.79214	123.649
324	24.94579	-12.75262	128.8455
325	19.96758	-13.03283	123.649
326	19.84689	-12.90421	128.853
327	14.9298	-13.52998	123.649
328	14.80065	-13.31003	128.8506
329	9.953879000000001	-14.22751	123.649
330	9.819686000000001	-13.88832	128.843
331	22.60098	-32.16832	123.649
332	22.25574	-31.53966	128.6561
333	24.31146	-35.22083	123.6489
334	24.25426	-35.13795	128.8378
335	18.43818	-34.13918	123.649
336	18.24713	-33.59927	128.656
337	19.88881	-37.89439	123.6489
338	19.84202	-37.80523	128.8378
339	14.07868	-35.77448	123.649
340	13.9284	-35.30051	128.655
341	15.17614	-40.01537	123.6489
342	15.14044	-39.92122	128.8378
343	9.527708000000001	-37.04235	123.649
344	9.404439999999999	-36.5978	128.6546
345	10.24218	-41.55283	123.6489
346	10.21809	-41.45506	128.8378
347	0	42.79628	123.6489
348	0	38.43112	123.649
349	0	42.69558	128.8378
350	0	37.93494	128.5833
351	0	34.06596	123.649
352	0	33.53851	128.878
353	0	29.7008	123.649
354	0	29.05796	128.8932
355	0	25.33564	123.649
356	0	24.52232	128.8929
357	0	20.97048	123.649
358	0	19.95469	128.8928
359	0	16.60532	123.649
360	0	15.34793	128.8923
361	0	12.24016	123.649
362	0	10.67164	128.822
363	0	7.875	123.649
364	0	5.906001	127.947
365	9.994120000000001	-4.474571	134.0632
366	10.03094	0	134.0632
367	9.901477999999999	-8.927292	134.0631
368	25.34127	-23.80027	134.0593
369	28.43969	-25.19569	133.8712
370	31.26933	-21.58402	133.8712
371	27.19875	-20.37183	134.0575
372	9.99404	4.472883	134.0632
373	9.901336000000001	8.925613999999999	134.0631
374	23.66884	-26.80467	134.0614
375	25.19534	-28.43995	133.8712
376	15.41867	-0.0014	134.063
377	15.34367	-4.293697	134.063
378	20.8025	-4.185722	134.0628
379	20.92197	-0.001549	134.0628
380	15.11437	-8.597265999999999	134.063
381	20.44108	-8.367965	134.063
382	15.11407	8.594614999999999	134.063
383	15.34351	4.290933	134.063
384	20.80227	4.182666	134.0628
385	20.44064	8.365042000000001	134.0628
386	26.5354	-0.001336	134.0586
387	26.37142	-4.167302	134.0586
388	32.02467	-4.287589	134.0173
389	32.23843	0	134.017
390	25.88005	-8.306621	134.0621
391	31.38782	-8.523438000000001	134.0471
392	25.87959	8.304109	134.059
393	26.37123	4.16466	134.0587
394	32.02461	4.285755	134.0175
395	31.387	8.521722	134.0191
396	37.99534	0	133.8712
397	37.71825	-4.580356	133.8712
398	40.63833	-4.934441	132.203
399	40.93681	0	132.203
400	36.89115	-9.093330999999999	133.8712
401	39.74726	-9.796811	132.203
402	36.89141	9.092185000000001	133.8712
403	37.71838	4.579186	133.8712
404	40.63835	4.934211	132.203
405	39.74729	9.796585	132.203
406	23.67061	26.80609	134.0595
407	20.44858	28.15363	134.0599
408	21.24714	24.25868	134.0629
409	25.34151	23.80021	134.059
410	22.62708	20.35203	134.0629
411	27.19873	20.37077	134.0569
412	23.9578	16.40867	134.0627
413	28.9191	16.62632	134.0537
414	25.0664	12.3919	134.0595
415	30.33986	12.65419	134.0218
416	16.78434	29.65545	134.0584
417	17.08886	25.32375	134.0629
418	17.9969	20.99355	134.063
419	18.9878	16.74804	134.063
420	19.83094	12.54899	134.0628
421	12.8226	31.01587	134.0335
422	12.90015	26.38749	134.0616
423	13.44599	21.80059	134.0629
424	14.12051	17.31941	134.063
425	14.70941	12.92726	134.063
426	8.664783	32.08853	134.0332
427	8.654807	27.28895	134.0617
428	8.949306	22.56058	134.063
429	9.354837	17.93856	134.063
430	9.714382000000001	13.40874	134.063
431	4.379034	32.82637	134.0401
432	4.351515	27.98458	134.0624
433	4.473038	23.20684	134.063
434	4.65372	18.51847	134.063
435	4.816917	13.9383	134.0632
436	0	-14.278	134.0633
437	4.817023	-13.9388	134.0632
438	0	-19.031	134.0631
439	4.653799	-18.51906	134.063
440	0	-23.784	134.063
441	4.473028	-23.20732	134.063
442	0	-28.537	134.063
443	4.351371	-27.98478	134.0625
444	0	-33.29	134.063
445	4.378442	-32.82594	134.0403
446	28.4404	25.19478	133.8712
447	25.19614	28.43913	133.8712
448	30.64181	27.14569	132.203
449	27.14635	30.64117	132.203
450	31.26995	21.58303	133.8712
451	33.69046	23.25437	132.203
452	33.64351	17.65655	133.8712
453	36.24783	19.02394	132.203
454	35.52648	13.4726	133.8712
455	38.27664	14.5161	132.203
456	21.58447	31.26878	133.8712
457	17.65806	33.64245	133.8712
458	13.47416	35.52554	133.8712
459	9.09379	36.89059	133.8712
460	4.580814	37.71769	133.8712
461	0	-37.99488	133.8712
462	4.579743	-37.71792	133.8712
463	23.25503	33.68983	132.203
464	19.02461	36.24722	132.203
465	14.51678	38.27604	132.203
466	9.797269999999999	39.7467	132.203
467	4.934899	40.63777	132.203
468	0	-40.93635	132.203
469	4.934769	-40.63789	132.203
470	33.64301	-17.6576	133.8712
471	28.9192	-16.6277	134.0556
472	35.5261	-13.47371	133.8712
473	30.3399	-12.65572	134.054
474	27.14625	-30.64136	132.203
475	30.64173	-27.14589	132.203
476	33.69039	-23.25457	132.203
477	36.24777	-19.02415	132.203
478	38.27659	-14.51632	132.203
479	21.24668	-24.26027	134.0629
480	20.44804	-28.15511	134.0601
481	17.08861	-25.32619	134.0629
482	16.78465	-29.65833	134.058
483	12.90012	-26.38921	134.0616
484	12.82227	-31.01689	134.0333
485	8.654711000000001	-27.29007	134.0618
486	8.664365999999999	-32.08985	134.0334
487	22.62709	-20.35387	134.0629
488	17.99697	-20.99591	134.063
489	13.44615	-21.80261	134.063
490	8.949427	-22.56187	134.063
491	23.95804	-16.4108	134.0628
492	18.98814	-16.75056	134.063
493	14.12084	-17.32166	134.063
494	9.355079999999999	-17.94003	134.063
495	25.06675	-12.39427	134.0627
496	19.83142	-12.55172	134.063
497	14.70979	-12.92973	134.063
498	9.714618	-13.41034	134.063
499	21.58359	-31.26949	133.8712
500	23.25492	-33.69	132.203
501	17.65711	-33.64305	133.8712
502	19.0245	-36.24738	132.203
503	13.47316	-35.52602	133.8712
504	14.51666	-38.27618	132.203
505	9.092743	-36.89095	133.8712
506	9.797143	-39.74683	132.203
507	0	0	129.999
508	0	40.93625	132.203
509	0	37.99478	133.8712
510	0	33.29	134.063
511	0	28.537	134.063
512	0	23.784	134.063
513	0	19.031	134.0631
514	0	14.278	134.0633
515	-4.7625	0	153.114
516	-4.7625	5.514672	151.3552
517	-4.7625	3.382054	148.2742
518	-4.7625	0	149.3663
519	-4.7625	8.832566999999999	147.1543
520	-4.7625	5.494702	145.3751
521	-4.7625	9.525	142.3461
522	-4.7625	5.490828	141.7893
523	-4.7625	0	137.8105
524	-4.7625	3.373567	138.8987
525	-4.7625	4.7625	134.064
526	-4.7625	0	134.064
527	-4.7625	9.525	137.9614
528	-4.7625	9.525	134.064
529	-4.7625	-3.380441	148.273
530	-4.7625	-5.514672	151.3552
531	-4.7625	-5.493749	145.3781
532	-4.7625	-8.832566999999999	147.1543
533	-4.7625	-5.490633	141.7887
534	-4.7625	-9.525	142.3461
535	-4.7625	-4.7625	134.064
536	-4.7625	-3.373366	138.8986
537	-4.7625	-9.525	137.9614
538	-4.7625	-9.525	134.064
539	-5.565824	-5.571036	123.649
540	-7.874945	0.01277	123.649
541	-11.56075	0.00307	123.649
542	-10.84272	-4.929571	123.649
543	-4.60956	-4.613876	127.4159
544	-5.906	0	127.947
545	-10.56681	0.001657	128.6609
546	-10.39394	-4.680846	128.6921
547	-5.206348	-10.54515	123.649
548	-10.30767	-9.618722	123.649
549	-4.998735	-9.948732	128.6962
550	-10.09878	-9.324996000000001	128.778
551	-29.47079	-25.92532	123.649
552	-26.04811	-24.54886	123.649
553	-27.57266	-20.94907	123.649
554	-31.76656	-22.01691	123.649
555	-28.62846	-25.84129	128.6561
556	-25.43633	-24.68168	128.8011
557	-27.11296	-21.04908	128.8037
558	-31.07536	-22.11862	128.6567
559	-5.548142	5.588236	123.649
560	-5.203961	10.55018	123.649
561	-10.30501	9.620289	123.649
562	-10.83734	4.935767	123.649
563	-4.594995	4.628205	127.416
564	-4.996263	9.950837	128.6962
565	-10.09674	9.325694	128.778
566	-10.39133	4.683528	128.6921
567	-26.54599	-29.57517	123.649
568	-24.64322	-27.66536	123.649
569	-25.74625	-29.01313	128.6556
570	-24.17643	-27.29436	128.7879
571	-15.90495	-4.572714	123.649
572	-16.20402	0	123.649
573	-21.24058	-0.001384	123.649
574	-21.04246	-4.38361	123.649
575	-15.58461	-4.462752	128.8304
576	-15.71812	0	128.8257
577	-20.99041	-0.001083	128.8485
578	-20.84872	-4.324188	128.8494
579	-15.42556	-9.073168000000001	123.649
580	-20.5836	-8.725925	123.649
581	-15.25205	-8.898308999999999	128.8412
582	-20.4518	-8.627352	128.8513
583	-15.90316	4.57275	123.649
584	-15.42488	9.071168999999999	123.649
585	-20.58357	8.723858	123.649
586	-21.04197	4.381012	123.649
587	-15.58382	4.462037	128.8304
588	-15.2513	8.89683	128.8411
589	-20.45164	8.625095	128.8506
590	-20.84847	4.321996	128.8491
591	-26.29967	-4.314356	123.649
592	-26.47771	-0.001672	123.649
593	-31.83969	-0.001474	123.649
594	-31.64737	-4.370678	123.649
595	-26.20744	-4.290227	128.8415
596	-26.37434	-0.001273	128.8404
597	-31.81391	-0.001079	128.7957
598	-31.6101	-4.387104	128.7973
599	-25.81137	-8.583080000000001	123.649
600	-31.09496	-8.696277	123.649
601	-25.72085	-8.548962	128.8438
602	-31.00633	-8.730681000000001	128.8006
603	-26.29979	4.311509	123.649
604	-25.81162	8.580583000000001	123.649
605	-31.09543	8.693281000000001	123.649
606	-31.64762	4.367829	123.649
607	-26.20738	4.287741	128.8404
608	-25.72092	8.546624	128.841
609	-31.0065	8.728605	128.7962
610	-31.61015	4.384977	128.7957
611	-37.05814	-4.545993	123.649
612	-37.28008	0	123.649
613	-42.79684	0	123.6489
614	-42.48478	-5.158738	123.6489
615	-36.86132	-4.654856	128.6532
616	-37.11309	0	128.6523
617	-42.69614	0	128.8378
618	-42.38482	-5.146594	128.8378
619	-36.39611	-9.079154000000001	123.649
620	-41.55322	-10.24204	123.6489
621	-36.11049	-9.254293000000001	128.6549
622	-41.45544	-10.21793	128.8378
623	-37.05843	4.544184	123.649
624	-36.39653	9.077420999999999	123.649
625	-41.55329	10.24162	123.6489
626	-42.48482	5.158316	123.6489
627	-36.86141	4.653498	128.6522
628	-36.11069	9.252936	128.6525
629	-41.45552	10.21753	128.8378
630	-42.38486	5.146186	128.8378
631	-21.32177	28.8691	123.649
632	-24.64415	27.67125	123.649
633	-26.05082	24.55051	123.649
634	-21.87339	24.92902	123.649
635	-21.38523	28.33149	128.8009
636	-24.17775	27.29501	128.7877
637	-25.43763	24.6818	128.8009
638	-21.717	24.78458	128.8397
639	-27.57514	20.9502	123.649
640	-23.00318	20.95832	123.649
641	-27.11414	21.04831	128.8032
642	-22.77034	20.9109	128.8451
643	-29.00843	17.04158	123.649
644	-24.11815	16.91846	123.649
645	-28.6995	17.11117	128.8016
646	-23.92959	16.87919	128.8447
647	-30.20601	12.93708	123.649
648	-25.07492	12.79035	123.649
649	-30.02349	12.98616	128.7983
650	-24.94625	12.75056	128.8425
651	-17.50297	30.18428	123.649
652	-17.64782	25.91079	123.649
653	-17.5098	29.72227	128.8025
654	-17.596	25.62226	128.8447
655	-18.37573	21.59381	123.649
656	-18.25081	21.40338	128.8526
657	-19.2145	17.31228	123.649
658	-19.0804	17.15854	128.8533
659	-19.96963	13.03169	123.649
660	-19.84721	12.90203	128.8523
661	-13.37474	31.43533	123.649
662	-13.35778	26.95101	123.649
663	-13.33591	31.03481	128.8008
664	-13.3075	26.61597	128.8444
665	-13.79087	22.44345	123.649
666	-13.69722	22.15708	128.8537
667	-14.37125	17.97412	123.649
668	-14.25631	17.72004	128.8544
669	-14.92887	13.52415	123.649
670	-14.80056	13.30797	128.8505
671	-9.047226999999999	32.51189	123.649
672	-8.985579	27.93462	123.649
673	-8.991279	32.12816	128.8006
674	-8.930230999999999	27.54925	128.8451
675	-9.220611999999999	23.35344	123.649
676	-9.141336000000001	22.96549	128.8548
677	-9.582013	18.78925	123.649
678	-9.479549	18.41367	128.8546
679	-9.952446999999999	14.2249	123.649
680	-9.819070999999999	13.88727	128.8429
681	-4.580389	33.37934	123.649
682	-4.531909	28.83701	123.649
683	-4.529625	32.95929	128.8065
684	-4.486672	28.36143	128.8533
685	-4.631763	24.30063	123.649
686	-4.576898	23.7599	128.8608
687	-4.805527	19.76794	123.649
688	-4.734225	19.17561	128.8601
689	-4.997941	15.21481	123.649
690	-4.891985	14.59978	128.8439
691	-5.000897	-15.21428	123.649
692	-4.892639	-14.59987	128.8439
693	-4.80569	-19.77028	123.649
694	-4.73424	-19.17613	128.8601
695	-4.631822	-24.3009	123.649
696	-4.576397	-23.76021	128.8608
697	-4.527996	-28.83784	123.649
698	-4.485904	-28.36162	128.8534
699	-4.580005	-33.38034	123.649
700	-4.52908	-32.95958	128.8065
701	-26.54804	29.57542	123.649
702	-29.47252	25.92389	123.649
703	-25.74722	29.01335	128.6555
704	-28.62938	25.84106	128.656
705	-28.37984	32.03336	123.6489
706	-32.03413	28.37904	123.6489
707	-28.31306	31.95799	128.8378
708	-31.95875	28.31227	128.8378
709	-31.76827	22.01472	123.649
710	-31.07618	22.11783	128.6564
711	-35.22129	24.3109	123.6489
712	-35.13841	24.25371	128.8378
713	-33.72132	17.88141	123.649
714	-33.17929	18.0501	128.6554
715	-37.89485	19.88825	123.6489
716	-37.80568	19.84146	128.8378
717	-35.28479	13.54439	123.649
718	-34.87421	13.73922	128.6537
719	-40.01583	15.17559	123.6489
720	-39.92167	15.13988	128.8378
721	-22.60302	32.16963	123.649
722	-22.25664	31.54	128.656
723	-18.43807	34.14219	123.649
724	-18.24782	33.59964	128.656
725	-14.07854	35.77669	123.649
726	-13.92891	35.30079	128.655
727	-9.526980999999999	37.04303	123.649
728	-9.404780000000001	36.5977	128.6546
729	-4.82318	37.91663	123.649
730	-4.740658	37.46498	128.6532
731	-4.825393	-37.91935	123.649
732	-4.740417	-37.4653	128.6532
733	-24.31173	35.22055	123.6489
734	-24.25452	35.13768	128.8378
735	-19.8891	37.89414	123.6489
736	-19.84229	37.80498	128.8378
737	-15.17645	40.01516	123.6489
738	-15.14073	39.92101	128.8378
739	-10.2425	41.55265	123.6489
740	-10.21839	41.45489	128.8378
741	-5.159197	42.48423	123.6489
742	-5.147052	42.38426	128.8378
743	-5.158874	-42.48436	123.6489
744	-5.146744	-42.3844	128.8378
745	-29.00587	-17.04578	123.649
746	-33.71996	-17.88354	123.649
747	-28.6986	-17.1127	128.8038
748	-33.17863	-18.0513	128.6566
749	-30.20457	-12.94112	123.649
750	-35.28411	-13.54615	123.649
751	-30.02298	-12.98812	128.803
752	-34.87379	-13.74057	128.6562
753	-28.3796	-32.03367	123.6489
754	-32.03391	-28.37939	123.6489
755	-28.31283	-31.95829	128.8378
756	-31.95854	-28.31261	128.8378
757	-35.2211	-24.31127	123.6489
758	-35.13824	-24.25406	128.8378
759	-37.8947	-19.88864	123.6489
760	-37.80554	-19.84184	128.8378
761	-40.01571	-15.17599	123.6489
762	-39.92156	-15.14027	128.8378
763	-21.31938	-28.86586	123.649
764	-21.87047	-24.9285	123.649
765	-21.38392	-28.33102	128.801
766	-21.71552	-24.78478	128.8398
767	-17.50025	-30.18105	123.649
768	-17.64422	-25.91131	123.649
769	-17.50864	-29.72207	128.8025
770	-17.59448	-25.62296	128.8447
771	-13.3734	-31.43128	123.649
772	-13.35464	-26.94988	123.649
773	-13.33496	-31.03465	128.8008
774	-13.30612	-26.61651	128.8444
775	-9.046374999999999	-32.51226	123.649
776	-8.98246	-27.93345	123.649
777	-8.990527999999999	-32.1283	128.8007
778	-8.92911	-27.54953	128.8452
779	-23.00026	-20.95767	123.649
780	-22.76898	-20.91191	128.8454
781	-18.37186	-21.59726	123.649
782	-18.24931	-21.40491	128.8527
783	-13.78601	-22.44634	123.649
784	-13.69582	-22.15839	128.8537
785	-9.218766	-23.35032	123.649
786	-9.140376	-22.96613	128.8548
787	-24.1163	-16.91732	123.649
788	-23.92862	-16.88078	128.8461
789	-19.21159	-17.3141	123.649
790	-19.0794	-17.16047	128.8537
791	-14.36865	-17.97637	123.649
792	-14.25553	-17.72194	128.8545
793	-9.580399999999999	-18.78992	123.649
794	-9.479252000000001	-18.41485	128.8546
795	-25.07417	-12.79214	123.649
796	-24.94579	-12.75262	128.8455
797	-19.96758	-13.03283	123.649
798	-19.84689	-12.90421	128.853
799	-14.9298	-13.52998	123.649
800	-14.80065	-13.31003	128.8506
801	-9.953879000000001	-14.22751	123.649
802	-9.819686000000001	-13.88832	128.843
803	-22.60098	-32.16832	123.649
804	-22.25574	-31.53966	128.6561
805	-24.31146	-35.22083	123.6489
806	-24.25426	-35.13795	128.8378
807	-18.43818	-34.13918	123.649
808	-18.24713	-33.59927	128.656
809	-19.88881	-37.89439	123.6489
810	-19.84202	-37.80523	128.8378
811	-14.07868	-35.77448	123.649
812	-13.9284	-35.30051	128.655
813	-15.17614	-40.01537	123.6489
814	-15.14044	-39.92122	128.8378
815	-9.527708000000001	-37.04235	123.649
816	-9.404439999999999	-36.5978	128.6546
817	-10.24218	-41.55283	123.6489
818	-10.21809	-41.45506	128.8378
819	-10.03094	0	134.0632
820	-9.994120000000001	-4.474571	134.0632
821	-9.901477999999999	-8.927292	134.0631
822	-28.43969	-25.19569	133.8712
823	-25.34127	-23.80027	134.0593
824	-27.19875	-20.37183	134.0575
825	-31.26933	-21.58402	133.8712
826	-9.901336000000001	8.925613999999999	134.0631
827	-9.99404	4.472883	134.0632
828	-25.19534	-28.43995	133.8712
829	-23.66884	-26.80467	134.0614
830	-15.34367	-4.293697	134.063
831	-15.41867	-0.0014	134.063
832	-20.92197	-0.001549	134.0628
833	-20.8025	-4.185722	134.0628
834	-15.11437	-8.597265999999999	134.063
835	-20.44108	-8.367965	134.063
836	-15.34351	4.290933	134.063
837	-15.11407	8.594614999999999	134.063
838	-20.44064	8.365042000000001	134.0628
839	-20.80227	4.182666	134.0628
840	-26.37142	-4.167302	134.0586
841	-26.5354	-0.001336	134.0586
842	-32.23843	0	134.017
843	-32.02467	-4.287589	134.0173
844	-25.88005	-8.306621	134.0621
845	-31.38782	-8.523438000000001	134.0471
846	-26.37123	4.16466	134.0587
847	-25.87959	8.304109	134.059
848	-31.387	8.521722	134.0191
849	-32.02461	4.285755	134.0175
850	-37.71825	-4.580356	133.8712
851	-37.99534	0	133.8712
852	-40.93681	0	132.203
853	-40.63833	-4.934441	132.203
854	-36.89115	-9.093330999999999	133.8712
855	-39.74726	-9.796811	132.203
856	-37.71838	4.579186	133.8712
857	-36.89141	9.092185000000001	133.8712
858	-39.74729	9.796585	132.203
859	-40.63835	4.934211	132.203
860	-20.44858	28.15363	134.0599
861	-23.67061	26.80609	134.0595
862	-25.34151	23.80021	134.059
863	-21.24714	24.25868	134.0629
864	-27.19873	20.37077	134.0569
865	-22.62708	20.35203	134.0629
866	-28.9191	16.62632	134.0537
867	-23.9578	16.40867	134.0627
868	-30.33986	12.65419	134.0218
869	-25.0664	12.3919	134.0595
870	-16.78434	29.65545	134.0584
871	-17.08886	25.32375	134.0629
872	-17.9969	20.99355	134.063
873	-18.9878	16.74804	134.063
874	-19.83094	12.54899	134.0628
875	-12.8226	31.01587	134.0335
876	-12.90015	26.38749	134.0616
877	-13.44599	21.80059	134.0629
878	-14.12051	17.31941	134.063
879	-14.70941	12.92726	134.063
880	-8.664783	32.08853	134.0332
881	-8.654807	27.28895	134.0617
882	-8.949306	22.56058	134.063
883	-9.354837	17.93856	134.063
884	-9.714382000000001	13.40874	134.063
885	-4.379034	32.82637	134.0401
886	-4.351515	27.98458	134.0624
887	-4.473038	23.20684	134.063
888	-4.65372	18.51847	134.063
889	-4.816917	13.9383	134.0632
890	-4.817023	-13.9388	134.0632
891	-4.653799	-18.51906	134.063
892	-4.473028	-23.20732	134.063
893	-4.351371	-27.98478	134.0625
894	-4.378442	-32.82594	134.0403
895	-25.19614	28.43913	133.8712
896	-28.4404	25.19478	133.8712
897	-27.14635	30.64117	132.203
898	-30.64181	27.14569	132.203
899	-31.26995	21.58303	133.8712
900	-33.69046	23.25437	132.203
901	-33.64351	17.65655	133.8712
902	-36.24783	19.02394	132.203
903	-35.52648	13.4726	133.8712
904	-38.27664	14.5161	132.203
905	-21.58447	31.26878	133.8712
906	-17.65806	33.64245	133.8712
907	-13.47416	35.52554	133.8712
908	-9.09379	36.89059	133.8712
909	-4.580814	37.71769	133.8712
910	-4.579743	-37.71792	133.8712
911	-23.25503	33.68983	132.203
912	-19.02461	36.24722	132.203
913	-14.51678	38.27604	132.203
914	-9.797269999999999	39.7467	132.203
915	-4.934899	40.63777	132.203
916	-4.934769	-40.63789	132.203
917	-28.9192	-16.6277	134.0556
918	-33.64301	-17.6576	133.8712
919	-30.3399	-12.65572	134.054
920	-35.5261	-13.47371	133.8712
921	-27.14625	-30.64136	132.203
922	-30.64173	-27.14589	132.203
923	-33.69039	-23.25457	132.203
924	-36.24777	-19.02415	132.203
925	-38.27659	-14.51632	132.203
926	-20.44804	-28.15511	134.0601
927	-21.24668	-24.26027	134.0629
928	-16.78465	-29.65833	134.058
929	-17.08861	-25.32619	134.0629
930	-12.82227	-31.01689	134.0333
931	-12.90012	-26.38921	134.0616
932	-8.664365999999999	-32.08985	134.0334
933	-8.654711000000001	-27.29007	134.0618
934	-22.62709	-20.35387	134.0629
935	-17.99697	-20.99591	134.063
936	-13.44615	-21.80261	134.063
937	-8.949427	-22.56187	134.063
938	-23.95804	-16.4108	134.0628
939	-18.98814	-16.75056	134.063
940	-14.12084	-17.32166	134.063
941	-9.355079999999999	-17.94003	134.063
942	-25.06675	-12.39427	134.0627
943	-19.83142	-12.55172	134.063
944	-14.70979	-12.92973	134.063
945	-9.714618	-13.41034	134.063
946	-21.58359	-31.26949	133.8712
947	-23.25492	-33.69	132.203
948	-17.65711	-33.64305	133.8712
949	-19.0245	-36.24738	132.203
950	-13.47316	-35.52602	133.8712
951	-14.51666	-38.27618	132.203
952	-9.092743	-36.89095	133.8712
953	-9.797143	-39.74683	132.203
