1	1	2	3	4	5	6	7	8
2	9	10	11	12	13	14	15	16
3	17	18	19	20	21	22	23	24
4	25	26	27	28	29	30	31	32
5	33	34	35	36	37	38	39	40
6	41	42	11	10	43	44	15	14
7	45	46	47	48	49	50	51	52
8	53	54	55	56	57	58	59	60
9	61	62	63	64	65	66	67	68
10	69	1	4	70	71	5	8	72
11	73	74	75	48	76	77	78	52
12	79	80	42	41	81	82	44	43
13	63	83	80	79	67	84	82	81
14	85	86	87	88	89	90	91	92
15	93	94	85	88	95	96	89	92
16	97	98	99	100	101	102	103	104
17	105	106	34	99	107	108	38	103
18	109	106	105	110	111	108	107	112
19	113	109	110	114	115	111	112	116
20	117	118	98	119	120	121	102	122
21	123	124	125	126	127	128	129	130
22	19	131	132	133	23	134	135	136
23	137	138	139	140	141	142	143	144
24	145	146	147	148	149	150	151	152
25	148	147	153	154	152	151	155	156
26	147	157	75	153	151	158	78	155
27	159	54	74	73	160	58	77	76
28	161	70	162	159	163	72	164	160
29	165	166	167	168	169	170	171	172
30	70	4	173	162	72	8	174	164
31	175	176	46	45	177	178	50	49
32	179	176	180	86	181	178	182	90
33	183	165	184	185	186	169	187	188
34	189	184	165	168	190	187	169	172
35	2	191	192	3	6	193	194	7
36	195	196	3	192	197	198	7	194
37	4	3	196	173	8	7	198	174
38	199	200	196	195	201	202	198	197
39	200	167	166	203	202	171	170	204
40	203	173	196	200	204	174	198	202
41	167	205	206	168	171	207	208	172
42	199	61	64	205	201	65	68	207
43	200	199	205	167	202	201	207	171
44	56	166	209	210	60	170	211	212
45	165	183	209	166	169	186	211	170
46	146	213	157	147	150	214	158	151
47	138	137	175	213	142	141	177	214
48	166	56	55	203	170	60	59	204
49	55	162	173	203	59	164	174	204
50	55	54	159	162	59	58	160	164
51	215	74	54	53	216	77	58	57
52	153	75	74	215	155	78	77	216
53	154	153	215	217	156	155	216	218
54	217	215	53	219	218	216	57	220
55	219	53	56	210	220	57	60	212
56	221	179	86	85	222	181	90	89
57	223	224	191	2	225	226	193	6
58	227	223	2	1	228	225	6	5
59	229	123	126	230	231	127	130	232
60	233	234	117	235	236	237	120	238
61	20	19	133	239	24	23	136	240
62	18	241	131	19	22	242	134	23
63	131	241	26	25	134	242	30	29
64	243	41	10	244	245	43	14	246
65	247	244	10	9	248	246	14	13
66	249	250	244	247	251	252	246	248
67	26	241	18	253	30	242	22	254
68	255	253	18	17	256	254	22	21
69	27	26	253	257	31	30	254	258
70	259	260	261	262	263	264	265	266
71	224	223	267	268	226	225	269	270
72	262	261	224	268	266	265	226	270
73	106	271	35	34	108	272	39	38
74	273	271	106	109	274	272	108	111
75	275	273	109	113	276	274	111	115
76	125	28	273	275	129	32	274	276
77	28	27	271	273	32	31	272	274
78	83	113	114	80	84	115	116	82
79	277	275	113	83	278	276	115	84
80	12	11	279	280	16	15	281	282
81	280	279	234	233	282	281	237	236
82	42	283	279	11	44	284	281	15
83	118	105	99	98	121	107	103	102
84	62	277	83	63	66	278	84	67
85	126	125	275	277	130	129	276	278
86	230	126	277	62	232	130	278	66
87	285	61	199	195	286	65	201	197
88	285	230	62	61	286	232	66	65
89	285	195	192	287	286	197	194	288
90	191	224	261	289	193	226	265	290
91	100	99	34	33	104	103	38	37
92	192	191	289	287	194	193	290	288
93	180	137	140	291	182	141	144	292
94	137	180	176	175	141	182	178	177
95	213	175	45	157	214	177	49	158
96	86	180	291	87	90	182	292	91
97	293	46	176	179	294	50	178	181
98	295	293	179	221	296	294	181	222
99	297	47	46	293	298	51	50	294
100	299	297	293	295	300	298	294	296
101	301	139	138	302	303	143	142	304
102	302	138	213	146	304	142	214	150
103	305	302	146	145	306	304	150	149
104	307	301	302	305	308	303	304	306
105	309	267	223	227	310	269	225	228
106	311	227	1	69	312	228	5	71
107	313	206	205	64	314	208	207	68
108	64	63	79	313	68	67	81	314
109	313	79	41	243	314	81	43	245
110	315	316	297	299	317	318	298	300
111	319	320	315	299	321	322	317	300
112	323	324	316	315	325	326	318	317
113	324	69	70	161	326	71	72	163
114	323	311	69	324	325	312	71	326
115	324	161	327	316	326	163	328	318
116	316	327	47	297	318	328	51	298
117	73	327	161	159	76	328	163	160
118	48	75	157	45	52	78	158	49
119	48	47	327	73	52	51	328	76
120	320	329	323	315	322	330	325	317
121	329	331	311	323	330	332	312	325
122	311	331	309	227	312	332	310	228
123	333	189	168	206	334	190	172	208
124	244	250	333	243	246	252	334	245
125	333	206	313	243	334	208	314	245
126	94	335	221	85	96	336	222	89
127	287	229	230	285	288	231	232	286
128	260	337	289	261	264	338	290	265
129	289	337	229	287	290	338	231	288
130	339	185	184	340	341	188	187	342
131	335	343	295	221	336	344	296	222
132	343	319	299	295	344	321	300	296
133	345	119	98	97	346	122	102	101
134	110	105	118	347	112	107	121	348
135	347	118	117	234	348	121	120	237
136	114	110	347	283	116	112	348	284
137	283	347	234	279	284	348	237	281
138	337	349	123	229	338	350	127	231
139	351	352	119	345	353	354	122	346
140	235	117	119	352	238	120	122	354
141	271	27	257	35	272	31	258	39
142	36	35	257	355	40	39	258	356
143	355	257	253	255	356	258	254	256
144	80	114	283	42	82	116	284	44
145	124	25	28	125	128	29	32	129
146	132	131	25	124	135	134	29	128
147	349	132	124	123	350	135	128	127
148	340	357	358	359	342	360	361	362
149	340	184	189	357	342	187	190	360
150	357	250	249	358	360	252	251	361
151	357	189	333	250	360	190	334	252
152	239	133	363	364	240	136	365	366
153	364	363	260	259	366	365	264	263
154	133	132	349	363	136	135	350	365
155	363	349	337	260	365	350	338	264
156	339	340	359	367	341	342	362	368
157	262	268	369	370	266	270	371	372
158	259	262	370	373	263	266	372	374
159	268	267	375	369	270	269	376	371
160	364	259	373	377	366	263	374	378
161	239	364	377	379	240	366	378	380
162	20	239	379	381	24	240	380	382
163	17	20	381	383	21	24	382	384
164	255	17	383	385	256	21	384	386
165	355	255	385	387	356	256	386	388
166	36	355	387	389	40	356	388	390
167	33	36	389	391	37	40	390	392
168	100	33	391	393	104	37	392	394
169	97	100	393	395	101	104	394	396
170	345	97	395	397	346	101	396	398
171	267	309	399	375	269	310	400	376
172	309	331	401	399	310	332	402	400
173	331	329	403	401	332	330	404	402
174	329	320	405	403	330	322	406	404
175	320	319	407	405	322	321	408	406
176	319	343	409	407	321	344	410	408
177	351	345	397	411	353	346	398	412
178	343	335	413	409	344	336	414	410
179	335	94	415	413	336	96	416	414
180	94	93	417	415	96	95	418	416
181	370	369	419	420	372	371	421	422
182	373	370	420	423	374	372	422	424
183	369	375	425	419	371	376	426	421
184	377	373	423	427	378	374	424	428
185	375	399	429	425	376	400	430	426
186	379	377	427	431	380	378	428	432
187	381	379	431	433	382	380	432	434
188	383	381	433	435	384	382	434	436
189	385	383	435	437	386	384	436	438
190	387	385	437	439	388	386	438	440
191	389	387	439	441	390	388	440	442
192	391	389	441	443	392	390	442	444
193	393	391	443	445	394	392	444	446
194	395	393	445	447	396	394	446	448
195	397	395	447	449	398	396	448	450
196	399	401	451	429	400	402	452	430
197	401	403	453	451	402	404	454	452
198	403	405	455	453	404	406	456	454
199	405	407	457	455	406	408	458	456
200	407	409	459	457	408	410	460	458
201	409	413	461	459	410	414	462	460
202	411	397	449	463	412	398	450	464
203	413	415	465	461	414	416	466	462
204	415	417	467	465	416	418	468	466
205	5	6	7	8	469	470	471	472
206	13	14	15	16	473	474	475	476
207	21	22	23	24	477	478	479	480
208	29	30	31	32	481	482	483	484
209	37	38	39	40	485	486	487	488
210	43	44	15	14	489	490	475	474
211	49	50	51	52	491	492	493	494
212	57	58	59	60	495	496	497	498
213	65	66	67	68	499	500	501	502
214	71	5	8	72	503	469	472	504
215	76	77	78	52	505	506	507	494
216	81	82	44	43	508	509	490	489
217	67	84	82	81	501	510	509	508
218	89	90	91	92	511	512	513	514
219	95	96	89	92	515	516	511	514
220	101	102	103	104	517	518	519	520
221	107	108	38	103	521	522	486	519
222	111	108	107	112	523	522	521	524
223	115	111	112	116	525	523	524	526
224	120	121	102	122	527	528	518	529
225	127	128	129	130	530	531	532	533
226	23	134	135	136	479	534	535	536
227	141	142	143	144	537	538	539	540
228	149	150	151	152	541	542	543	544
229	152	151	155	156	544	543	545	546
230	151	158	78	155	543	547	507	545
231	160	58	77	76	548	496	506	505
232	163	72	164	160	549	504	550	548
233	169	170	171	172	551	552	553	554
234	72	8	174	164	504	472	555	550
235	177	178	50	49	556	557	492	491
236	181	178	182	90	558	557	559	512
237	186	169	187	188	560	551	561	562
238	190	187	169	172	563	561	551	554
239	6	193	194	7	470	564	565	471
240	197	198	7	194	566	567	471	565
241	8	7	198	174	472	471	567	555
242	201	202	198	197	568	569	567	566
243	202	171	170	204	569	553	552	570
244	204	174	198	202	570	555	567	569
245	171	207	208	172	553	571	572	554
246	201	65	68	207	568	499	502	571
247	202	201	207	171	569	568	571	553
248	60	170	211	212	498	552	573	574
249	169	186	211	170	551	560	573	552
250	150	214	158	151	542	575	547	543
251	142	141	177	214	538	537	556	575
252	170	60	59	204	552	498	497	570
253	59	164	174	204	497	550	555	570
254	59	58	160	164	497	496	548	550
255	216	77	58	57	576	506	496	495
256	155	78	77	216	545	507	506	576
257	156	155	216	218	546	545	576	577
258	218	216	57	220	577	576	495	578
259	220	57	60	212	578	495	498	574
260	222	181	90	89	579	558	512	511
261	225	226	193	6	580	581	564	470
262	228	225	6	5	582	580	470	469
263	231	127	130	232	583	530	533	584
264	236	237	120	238	585	586	527	587
265	24	23	136	240	480	479	536	588
266	22	242	134	23	478	589	534	479
267	134	242	30	29	534	589	482	481
268	245	43	14	246	590	489	474	591
269	248	246	14	13	592	591	474	473
270	251	252	246	248	593	594	591	592
271	30	242	22	254	482	589	478	595
272	256	254	22	21	596	595	478	477
273	31	30	254	258	483	482	595	597
274	263	264	265	266	598	599	600	601
275	226	225	269	270	581	580	602	603
276	266	265	226	270	601	600	581	603
277	108	272	39	38	522	604	487	486
278	274	272	108	111	605	604	522	523
279	276	274	111	115	606	605	523	525
280	129	32	274	276	532	484	605	606
281	32	31	272	274	484	483	604	605
282	84	115	116	82	510	525	526	509
283	278	276	115	84	607	606	525	510
284	16	15	281	282	476	475	608	609
285	282	281	237	236	609	608	586	585
286	44	284	281	15	490	610	608	475
287	121	107	103	102	528	521	519	518
288	66	278	84	67	500	607	510	501
289	130	129	276	278	533	532	606	607
290	232	130	278	66	584	533	607	500
291	286	65	201	197	611	499	568	566
292	286	232	66	65	611	584	500	499
293	286	197	194	288	611	566	565	612
294	193	226	265	290	564	581	600	613
295	104	103	38	37	520	519	486	485
296	194	193	290	288	565	564	613	612
297	182	141	144	292	559	537	540	614
298	141	182	178	177	537	559	557	556
299	214	177	49	158	575	556	491	547
300	90	182	292	91	512	559	614	513
301	294	50	178	181	615	492	557	558
302	296	294	181	222	616	615	558	579
303	298	51	50	294	617	493	492	615
304	300	298	294	296	618	617	615	616
305	303	143	142	304	619	539	538	620
306	304	142	214	150	620	538	575	542
307	306	304	150	149	621	620	542	541
308	308	303	304	306	622	619	620	621
309	310	269	225	228	623	602	580	582
310	312	228	5	71	624	582	469	503
311	314	208	207	68	625	572	571	502
312	68	67	81	314	502	501	508	625
313	314	81	43	245	625	508	489	590
314	317	318	298	300	626	627	617	618
315	321	322	317	300	628	629	626	618
316	325	326	318	317	630	631	627	626
317	326	71	72	163	631	503	504	549
318	325	312	71	326	630	624	503	631
319	326	163	328	318	631	549	632	627
320	318	328	51	298	627	632	493	617
321	76	328	163	160	505	632	549	548
322	52	78	158	49	494	507	547	491
323	52	51	328	76	494	493	632	505
324	322	330	325	317	629	633	630	626
325	330	332	312	325	633	634	624	630
326	312	332	310	228	624	634	623	582
327	334	190	172	208	635	563	554	572
328	246	252	334	245	591	594	635	590
329	334	208	314	245	635	572	625	590
330	96	336	222	89	516	636	579	511
331	288	231	232	286	612	583	584	611
332	264	338	290	265	599	637	613	600
333	290	338	231	288	613	637	583	612
334	341	188	187	342	638	562	561	639
335	336	344	296	222	636	640	616	579
336	344	321	300	296	640	628	618	616
337	346	122	102	101	641	529	518	517
338	112	107	121	348	524	521	528	642
339	348	121	120	237	642	528	527	586
340	116	112	348	284	526	524	642	610
341	284	348	237	281	610	642	586	608
342	338	350	127	231	637	643	530	583
343	353	354	122	346	644	645	529	641
344	238	120	122	354	587	527	529	645
345	272	31	258	39	604	483	597	487
346	40	39	258	356	488	487	597	646
347	356	258	254	256	646	597	595	596
348	82	116	284	44	509	526	610	490
349	128	29	32	129	531	481	484	532
350	135	134	29	128	535	534	481	531
351	350	135	128	127	643	535	531	530
352	342	360	361	362	639	647	648	649
353	342	187	190	360	639	561	563	647
354	360	252	251	361	647	594	593	648
355	360	190	334	252	647	563	635	594
356	240	136	365	366	588	536	650	651
357	366	365	264	263	651	650	599	598
358	136	135	350	365	536	535	643	650
359	365	350	338	264	650	643	637	599
360	341	342	362	368	638	639	649	652
361	266	270	371	372	601	603	653	654
362	263	266	372	374	598	601	654	655
363	270	269	376	371	603	602	656	653
364	366	263	374	378	651	598	655	657
365	240	366	378	380	588	651	657	658
366	24	240	380	382	480	588	658	659
367	21	24	382	384	477	480	659	660
368	256	21	384	386	596	477	660	661
369	356	256	386	388	646	596	661	662
370	40	356	388	390	488	646	662	663
371	37	40	390	392	485	488	663	664
372	104	37	392	394	520	485	664	665
373	101	104	394	396	517	520	665	666
374	346	101	396	398	641	517	666	667
375	269	310	400	376	602	623	668	656
376	310	332	402	400	623	634	669	668
377	332	330	404	402	634	633	670	669
378	330	322	406	404	633	629	671	670
379	322	321	408	406	629	628	672	671
380	321	344	410	408	628	640	673	672
381	353	346	398	412	644	641	667	674
382	344	336	414	410	640	636	675	673
383	336	96	416	414	636	516	676	675
384	96	95	418	416	516	515	677	676
385	372	371	421	422	654	653	678	679
386	374	372	422	424	655	654	679	680
387	371	376	426	421	653	656	681	678
388	378	374	424	428	657	655	680	682
389	376	400	430	426	656	668	683	681
390	380	378	428	432	658	657	682	684
391	382	380	432	434	659	658	684	685
392	384	382	434	436	660	659	685	686
393	386	384	436	438	661	660	686	687
394	388	386	438	440	662	661	687	688
395	390	388	440	442	663	662	688	689
396	392	390	442	444	664	663	689	690
397	394	392	444	446	665	664	690	691
398	396	394	446	448	666	665	691	692
399	398	396	448	450	667	666	692	693
400	400	402	452	430	668	669	694	683
401	402	404	454	452	669	670	695	694
402	404	406	456	454	670	671	696	695
403	406	408	458	456	671	672	697	696
404	408	410	460	458	672	673	698	697
405	410	414	462	460	673	675	699	698
406	412	398	450	464	674	667	693	700
407	414	416	466	462	675	676	701	699
408	416	418	468	466	676	677	702	701
409	469	470	471	472	703	704	705	706
410	473	474	475	476	707	708	709	710
411	477	478	479	480	711	712	713	714
412	481	482	483	484	715	716	717	718
413	485	486	487	488	719	720	721	722
414	489	490	475	474	723	724	709	708
415	491	492	493	494	725	726	727	728
416	495	496	497	498	729	730	731	732
417	499	500	501	502	733	734	735	736
418	503	469	472	504	737	703	706	738
419	505	506	507	494	739	740	741	728
420	508	509	490	489	742	743	724	723
421	501	510	509	508	735	744	743	742
422	511	512	513	514	745	746	747	748
423	515	516	511	514	749	750	745	748
424	517	518	519	520	751	752	753	754
425	521	522	486	519	755	756	720	753
426	523	522	521	524	757	756	755	758
427	525	523	524	526	759	757	758	760
428	527	528	518	529	761	762	752	763
429	530	531	532	533	764	765	766	767
430	479	534	535	536	713	768	769	770
431	537	538	539	540	771	772	773	774
432	541	542	543	544	775	776	777	778
433	544	543	545	546	778	777	779	780
434	543	547	507	545	777	781	741	779
435	548	496	506	505	782	730	740	739
436	549	504	550	548	783	738	784	782
437	551	552	553	554	785	786	787	788
438	504	472	555	550	738	706	789	784
439	556	557	492	491	790	791	726	725
440	558	557	559	512	792	791	793	746
441	560	551	561	562	794	785	795	796
442	563	561	551	554	797	795	785	788
443	470	564	565	471	704	798	799	705
444	566	567	471	565	800	801	705	799
445	472	471	567	555	706	705	801	789
446	568	569	567	566	802	803	801	800
447	569	553	552	570	803	787	786	804
448	570	555	567	569	804	789	801	803
449	553	571	572	554	787	805	806	788
450	568	499	502	571	802	733	736	805
451	569	568	571	553	803	802	805	787
452	498	552	573	574	732	786	807	808
453	551	560	573	552	785	794	807	786
454	542	575	547	543	776	809	781	777
455	538	537	556	575	772	771	790	809
456	552	498	497	570	786	732	731	804
457	497	550	555	570	731	784	789	804
458	497	496	548	550	731	730	782	784
459	576	506	496	495	810	740	730	729
460	545	507	506	576	779	741	740	810
461	546	545	576	577	780	779	810	811
462	577	576	495	578	811	810	729	812
463	578	495	498	574	812	729	732	808
464	579	558	512	511	813	792	746	745
465	580	581	564	470	814	815	798	704
466	582	580	470	469	816	814	704	703
467	583	530	533	584	817	764	767	818
468	585	586	527	587	819	820	761	821
469	480	479	536	588	714	713	770	822
470	478	589	534	479	712	823	768	713
471	534	589	482	481	768	823	716	715
472	590	489	474	591	824	723	708	825
473	592	591	474	473	826	825	708	707
474	593	594	591	592	827	828	825	826
475	482	589	478	595	716	823	712	829
476	596	595	478	477	830	829	712	711
477	483	482	595	597	717	716	829	831
478	598	599	600	601	832	833	834	835
479	581	580	602	603	815	814	836	837
480	601	600	581	603	835	834	815	837
481	522	604	487	486	756	838	721	720
482	605	604	522	523	839	838	756	757
483	606	605	523	525	840	839	757	759
484	532	484	605	606	766	718	839	840
485	484	483	604	605	718	717	838	839
486	510	525	526	509	744	759	760	743
487	607	606	525	510	841	840	759	744
488	476	475	608	609	710	709	842	843
489	609	608	586	585	843	842	820	819
490	490	610	608	475	724	844	842	709
491	528	521	519	518	762	755	753	752
492	500	607	510	501	734	841	744	735
493	533	532	606	607	767	766	840	841
494	584	533	607	500	818	767	841	734
495	611	499	568	566	845	733	802	800
496	611	584	500	499	845	818	734	733
497	611	566	565	612	845	800	799	846
498	564	581	600	613	798	815	834	847
499	520	519	486	485	754	753	720	719
500	565	564	613	612	799	798	847	846
501	559	537	540	614	793	771	774	848
502	537	559	557	556	771	793	791	790
503	575	556	491	547	809	790	725	781
504	512	559	614	513	746	793	848	747
505	615	492	557	558	849	726	791	792
506	616	615	558	579	850	849	792	813
507	617	493	492	615	851	727	726	849
508	618	617	615	616	852	851	849	850
509	619	539	538	620	853	773	772	854
510	620	538	575	542	854	772	809	776
511	621	620	542	541	855	854	776	775
512	622	619	620	621	856	853	854	855
513	623	602	580	582	857	836	814	816
514	624	582	469	503	858	816	703	737
515	625	572	571	502	859	806	805	736
516	502	501	508	625	736	735	742	859
517	625	508	489	590	859	742	723	824
518	626	627	617	618	860	861	851	852
519	628	629	626	618	862	863	860	852
520	630	631	627	626	864	865	861	860
521	631	503	504	549	865	737	738	783
522	630	624	503	631	864	858	737	865
523	631	549	632	627	865	783	866	861
524	627	632	493	617	861	866	727	851
525	505	632	549	548	739	866	783	782
526	494	507	547	491	728	741	781	725
527	494	493	632	505	728	727	866	739
528	629	633	630	626	863	867	864	860
529	633	634	624	630	867	868	858	864
530	624	634	623	582	858	868	857	816
531	635	563	554	572	869	797	788	806
532	591	594	635	590	825	828	869	824
533	635	572	625	590	869	806	859	824
534	516	636	579	511	750	870	813	745
535	612	583	584	611	846	817	818	845
536	599	637	613	600	833	871	847	834
537	613	637	583	612	847	871	817	846
538	638	562	561	639	872	796	795	873
539	636	640	616	579	870	874	850	813
540	640	628	618	616	874	862	852	850
541	641	529	518	517	875	763	752	751
542	524	521	528	642	758	755	762	876
543	642	528	527	586	876	762	761	820
544	526	524	642	610	760	758	876	844
545	610	642	586	608	844	876	820	842
546	637	643	530	583	871	877	764	817
547	644	645	529	641	878	879	763	875
548	587	527	529	645	821	761	763	879
549	604	483	597	487	838	717	831	721
550	488	487	597	646	722	721	831	880
551	646	597	595	596	880	831	829	830
552	509	526	610	490	743	760	844	724
553	531	481	484	532	765	715	718	766
554	535	534	481	531	769	768	715	765
555	643	535	531	530	877	769	765	764
556	639	647	648	649	873	881	882	883
557	639	561	563	647	873	795	797	881
558	647	594	593	648	881	828	827	882
559	647	563	635	594	881	797	869	828
560	588	536	650	651	822	770	884	885
561	651	650	599	598	885	884	833	832
562	536	535	643	650	770	769	877	884
563	650	643	637	599	884	877	871	833
564	638	639	649	652	872	873	883	886
565	601	603	653	654	835	837	887	888
566	598	601	654	655	832	835	888	889
567	603	602	656	653	837	836	890	887
568	651	598	655	657	885	832	889	891
569	588	651	657	658	822	885	891	892
570	480	588	658	659	714	822	892	893
571	477	480	659	660	711	714	893	894
572	596	477	660	661	830	711	894	895
573	646	596	661	662	880	830	895	896
574	488	646	662	663	722	880	896	897
575	485	488	663	664	719	722	897	898
576	520	485	664	665	754	719	898	899
577	517	520	665	666	751	754	899	900
578	641	517	666	667	875	751	900	901
579	602	623	668	656	836	857	902	890
580	623	634	669	668	857	868	903	902
581	634	633	670	669	868	867	904	903
582	633	629	671	670	867	863	905	904
583	629	628	672	671	863	862	906	905
584	628	640	673	672	862	874	907	906
585	644	641	667	674	878	875	901	908
586	640	636	675	673	874	870	909	907
587	636	516	676	675	870	750	910	909
588	516	515	677	676	750	749	911	910
589	654	653	678	679	888	887	912	913
590	655	654	679	680	889	888	913	914
591	653	656	681	678	887	890	915	912
592	657	655	680	682	891	889	914	916
593	656	668	683	681	890	902	917	915
594	658	657	682	684	892	891	916	918
595	659	658	684	685	893	892	918	919
596	660	659	685	686	894	893	919	920
597	661	660	686	687	895	894	920	921
598	662	661	687	688	896	895	921	922
599	663	662	688	689	897	896	922	923
600	664	663	689	690	898	897	923	924
601	665	664	690	691	899	898	924	925
602	666	665	691	692	900	899	925	926
603	667	666	692	693	901	900	926	927
604	668	669	694	683	902	903	928	917
605	669	670	695	694	903	904	929	928
606	670	671	696	695	904	905	930	929
607	671	672	697	696	905	906	931	930
608	672	673	698	697	906	907	932	931
609	673	675	699	698	907	909	933	932
610	674	667	693	700	908	901	927	934
611	675	676	701	699	909	910	935	933
612	676	677	702	701	910	911	936	935
613	419	420	422	421	937	938	939	940
614	420	423	424	422	938	941	942	939
615	425	419	421	426	943	937	940	944
616	423	427	428	424	941	945	946	942
617	429	425	426	430	947	943	944	948
618	427	431	432	428	945	949	950	946
619	451	429	430	452	951	947	948	952
620	431	433	434	432	949	953	954	950
621	433	435	436	434	953	955	956	954
622	435	437	438	436	955	957	958	956
623	437	439	440	438	957	959	960	958
624	439	441	442	440	959	961	962	960
625	441	443	444	442	961	963	964	962
626	443	445	446	444	963	965	966	964
627	445	447	448	446	965	967	968	966
628	447	449	450	448	967	969	970	968
629	449	463	464	450	969	971	972	970
630	453	451	452	454	973	951	952	974
631	455	453	454	456	975	973	974	976
632	457	455	456	458	977	975	976	978
633	459	457	458	460	979	977	978	980
634	461	459	460	462	981	979	980	982
635	465	461	462	466	983	981	982	984
636	467	465	466	468	985	983	984	986
637	421	422	679	678	940	939	987	988
638	679	680	914	913	987	989	990	991
639	422	424	680	679	939	942	989	987
640	678	679	913	912	988	987	991	992
641	426	421	678	681	944	940	988	993
642	424	428	682	680	942	946	994	989
643	681	678	912	915	993	988	992	995
644	430	426	681	683	948	944	993	996
645	680	682	916	914	989	994	997	990
646	682	684	918	916	994	998	999	997
647	428	432	684	682	946	950	998	994
648	683	681	915	917	996	993	995	1000
649	452	430	683	694	952	948	996	1001
650	684	685	919	918	998	1002	1003	999
651	432	434	685	684	950	954	1002	998
652	685	686	920	919	1002	1004	1005	1003
653	434	436	686	685	954	956	1004	1002
654	686	687	921	920	1004	1006	1007	1005
655	436	438	687	686	956	958	1006	1004
656	687	688	922	921	1006	1008	1009	1007
657	438	440	688	687	958	960	1008	1006
658	688	689	923	922	1008	1010	1011	1009
659	440	442	689	688	960	962	1010	1008
660	689	690	924	923	1010	1012	1013	1011
661	442	444	690	689	962	964	1012	1010
662	690	691	925	924	1012	1014	1015	1013
663	444	446	691	690	964	966	1014	1012
664	691	692	926	925	1014	1016	1017	1015
665	446	448	692	691	966	968	1016	1014
666	692	693	927	926	1016	1018	1019	1017
667	448	450	693	692	968	970	1018	1016
668	693	700	934	927	1018	1020	1021	1019
669	450	464	700	693	970	972	1020	1018
670	694	683	917	928	1001	996	1000	1022
671	454	452	694	695	974	952	1001	1023
672	695	694	928	929	1023	1001	1022	1024
673	456	454	695	696	976	974	1023	1025
674	696	695	929	930	1025	1023	1024	1026
675	458	456	696	697	978	976	1025	1027
676	697	696	930	931	1027	1025	1026	1028
677	460	458	697	698	980	978	1027	1029
678	698	697	931	932	1029	1027	1028	1030
679	462	460	698	699	982	980	1029	1031
680	699	698	932	933	1031	1029	1030	1032
681	466	462	699	701	984	982	1031	1033
682	701	699	933	935	1033	1031	1032	1034
683	702	701	935	936	1035	1033	1034	1036
684	468	466	701	702	986	984	1033	1035
685	1037	1038	1039	1040	1041	1042	1043	1044
686	1045	9	12	1046	1047	13	16	1048
687	1049	1050	1051	1052	1053	1054	1055	1056
688	1057	1058	1059	1060	1061	1062	1063	1064
689	1065	1066	1067	1068	1069	1070	1071	1072
690	1073	1074	1045	1046	1075	1076	1047	1048
691	1077	1078	1079	1080	1081	1082	1083	1084
692	1085	1086	1087	1088	1089	1090	1091	1092
693	1093	1094	1095	1096	1097	1098	1099	1100
694	1038	1101	1102	1039	1042	1103	1104	1043
695	1105	1106	1079	1107	1108	1109	1083	1110
696	1111	1112	1074	1073	1113	1114	1076	1075
697	1115	1096	1112	1111	1116	1100	1114	1113
698	1117	1118	88	87	1119	1120	92	91
699	1121	93	88	1118	1122	95	92	1120
700	1123	1124	1125	1126	1127	1128	1129	1130
701	1131	1132	1126	1065	1133	1134	1130	1069
702	1131	1135	1136	1132	1133	1137	1138	1134
703	1135	1139	1140	1136	1137	1141	1142	1138
704	1143	1144	1145	1123	1146	1147	1148	1127
705	1149	1150	1151	1152	1153	1154	1155	1156
706	1157	1052	1158	1159	1160	1056	1161	1162
707	1163	1164	140	139	1165	1166	144	143
708	1167	1168	1169	1170	1171	1172	1173	1174
709	1170	1169	1175	1176	1174	1173	1177	1178
710	1179	1170	1176	1107	1180	1174	1178	1110
711	1085	1181	1106	1105	1089	1182	1109	1108
712	1102	1183	1181	1184	1104	1185	1182	1186
713	1187	1188	1189	1190	1191	1192	1193	1194
714	1039	1102	1184	1195	1043	1104	1186	1196
715	1197	1198	1078	1077	1199	1200	1082	1081
716	1197	1201	1117	1202	1199	1203	1119	1204
717	1188	1205	1206	1207	1192	1208	1209	1210
718	1207	1211	1189	1188	1210	1212	1193	1192
719	1213	1037	1040	1214	1215	1041	1044	1216
720	1217	1218	1214	1040	1219	1220	1216	1044
721	1040	1039	1195	1217	1044	1043	1196	1219
722	1221	1222	1218	1217	1223	1224	1220	1219
723	1190	1221	1225	1187	1194	1223	1226	1191
724	1195	1225	1221	1217	1196	1226	1223	1219
725	1227	1190	1189	1228	1229	1194	1193	1230
726	1094	1222	1227	1095	1098	1224	1229	1099
727	1222	1221	1190	1227	1224	1223	1194	1229
728	1187	1087	1231	1232	1191	1091	1233	1234
729	1205	1188	1187	1232	1208	1192	1191	1234
730	1235	1167	1170	1179	1236	1171	1174	1180
731	1164	1163	1235	1198	1166	1165	1236	1200
732	1087	1187	1225	1088	1091	1191	1226	1092
733	1184	1088	1225	1195	1186	1092	1226	1196
734	1085	1088	1184	1181	1089	1092	1186	1182
735	1105	1237	1086	1085	1108	1238	1090	1089
736	1107	1176	1237	1105	1110	1178	1238	1108
737	1176	1175	1239	1237	1178	1177	1240	1238
738	1237	1239	1241	1086	1238	1240	1242	1090
739	1086	1241	1231	1087	1090	1242	1233	1091
740	1201	1243	1118	1117	1203	1244	1120	1119
741	1245	1246	1037	1213	1247	1248	1041	1215
742	1246	1249	1038	1037	1248	1250	1042	1041
743	1150	1251	1252	1151	1154	1253	1254	1155
744	1255	233	235	1144	1256	236	238	1147
745	1052	1051	1257	1158	1056	1055	1258	1161
746	1259	1049	1052	1157	1260	1053	1056	1160
747	1259	1157	1058	1057	1260	1160	1062	1061
748	1074	1261	1262	1045	1076	1263	1264	1047
749	1262	247	9	1045	1264	248	13	1047
750	1265	249	247	1262	1266	251	248	1264
751	1259	1057	1267	1049	1260	1061	1268	1053
752	1267	1269	1050	1049	1268	1270	1054	1053
753	1057	1060	1271	1267	1061	1064	1272	1268
754	1273	1274	1275	1276	1277	1278	1279	1280
755	1246	1245	1281	1282	1248	1247	1283	1284
756	1276	1275	1281	1245	1280	1279	1283	1247
757	1285	1131	1065	1068	1286	1133	1069	1072
758	1285	1287	1135	1131	1286	1288	1137	1133
759	1287	1289	1139	1135	1288	1290	1141	1137
760	1059	1152	1289	1287	1063	1156	1290	1288
761	1060	1059	1287	1285	1064	1063	1288	1286
762	1139	1115	1111	1140	1141	1116	1113	1142
763	1289	1291	1115	1139	1290	1292	1116	1141
764	1046	12	280	1293	1048	16	282	1294
765	1293	280	233	1255	1294	282	236	1256
766	1295	1073	1046	1293	1296	1075	1048	1294
767	1132	1143	1123	1126	1134	1146	1127	1130
768	1291	1093	1096	1115	1292	1097	1100	1116
769	1152	1151	1291	1289	1156	1155	1292	1290
770	1151	1252	1093	1291	1155	1254	1097	1292
771	1094	1297	1218	1222	1098	1298	1220	1224
772	1252	1297	1094	1093	1254	1298	1098	1097
773	1218	1297	1299	1214	1220	1298	1300	1216
774	1245	1213	1301	1276	1247	1215	1302	1280
775	1126	1125	1066	1065	1130	1129	1070	1069
776	1213	1214	1299	1301	1215	1216	1300	1302
777	1164	1202	291	140	1166	1204	292	144
778	1202	1164	1198	1197	1204	1166	1200	1199
779	1198	1235	1179	1078	1200	1236	1180	1082
780	1202	1117	87	291	1204	1119	91	292
781	1077	1303	1201	1197	1081	1304	1203	1199
782	1303	1305	1243	1201	1304	1306	1244	1203
783	1080	1307	1303	1077	1084	1308	1304	1081
784	1307	1309	1305	1303	1308	1310	1306	1304
785	139	301	1311	1163	143	303	1312	1165
786	1163	1311	1167	1235	1165	1312	1171	1236
787	1311	1313	1168	1167	1312	1314	1172	1171
788	301	307	1313	1311	303	308	1314	1312
789	1282	1315	1249	1246	1284	1316	1250	1248
790	1249	1317	1101	1038	1250	1318	1103	1042
791	1228	1319	1095	1227	1230	1320	1099	1229
792	1096	1095	1319	1112	1100	1099	1320	1114
793	1112	1319	1261	1074	1114	1320	1263	1076
794	1321	1322	1309	1307	1323	1324	1310	1308
795	1325	1326	1309	1322	1327	1328	1310	1324
796	1329	1330	1322	1321	1331	1332	1324	1323
797	1101	1329	1183	1102	1103	1331	1185	1104
798	1317	1330	1329	1101	1318	1332	1331	1103
799	1183	1329	1321	1333	1185	1331	1323	1334
800	1333	1321	1307	1080	1334	1323	1308	1084
801	1333	1106	1181	1183	1334	1109	1182	1185
802	1107	1079	1078	1179	1110	1083	1082	1180
803	1080	1079	1106	1333	1084	1083	1109	1334
804	1335	1325	1322	1330	1336	1327	1324	1332
805	1337	1335	1330	1317	1338	1336	1332	1318
806	1337	1317	1249	1315	1338	1318	1250	1316
807	1211	1339	1228	1189	1212	1340	1230	1193
808	1265	1262	1261	1339	1266	1264	1263	1340
809	1228	1339	1261	1319	1230	1340	1263	1320
810	1341	1121	1118	1243	1342	1122	1120	1244
811	1251	1299	1297	1252	1253	1300	1298	1254
812	1343	1273	1276	1301	1344	1277	1280	1302
813	1343	1301	1299	1251	1344	1302	1300	1253
814	1206	1345	1346	1207	1209	1347	1348	1210
815	1349	1341	1243	1305	1350	1342	1244	1306
816	1326	1349	1305	1309	1328	1350	1306	1310
817	1145	1351	1124	1123	1148	1352	1128	1127
818	1132	1136	1353	1143	1134	1138	1354	1146
819	1143	1353	1255	1144	1146	1354	1256	1147
820	1136	1140	1295	1353	1138	1142	1296	1354
821	1353	1295	1293	1255	1354	1296	1294	1256
822	1355	1343	1251	1150	1356	1344	1253	1154
823	352	351	1351	1145	354	353	1352	1148
824	1144	235	352	1145	1147	238	354	1148
825	1060	1285	1068	1271	1064	1286	1072	1272
826	1068	1067	1357	1271	1072	1071	1358	1272
827	1271	1357	1269	1267	1272	1358	1270	1268
828	1140	1111	1073	1295	1142	1113	1075	1296
829	1058	1149	1152	1059	1062	1153	1156	1063
830	1157	1159	1149	1058	1160	1162	1153	1062
831	1159	1355	1150	1149	1162	1356	1154	1153
832	1359	1346	359	358	1360	1348	362	361
833	1207	1346	1359	1211	1210	1348	1360	1212
834	1265	1359	358	249	1266	1360	361	251
835	1211	1359	1265	1339	1212	1360	1266	1340
836	1158	1257	1361	1362	1161	1258	1363	1364
837	1362	1361	1274	1273	1364	1363	1278	1277
838	1159	1158	1362	1355	1162	1161	1364	1356
839	1355	1362	1273	1343	1356	1364	1277	1344
840	1346	1345	367	359	1348	1347	368	362
841	1281	1275	1365	1366	1283	1279	1367	1368
842	1275	1274	1369	1365	1279	1278	1370	1367
843	1282	1281	1366	1371	1284	1283	1368	1372
844	1274	1361	1373	1369	1278	1363	1374	1370
845	1361	1257	1375	1373	1363	1258	1376	1374
846	1257	1051	1377	1375	1258	1055	1378	1376
847	1051	1050	1379	1377	1055	1054	1380	1378
848	1050	1269	1381	1379	1054	1270	1382	1380
849	1269	1357	1383	1381	1270	1358	1384	1382
850	1357	1067	1385	1383	1358	1071	1386	1384
851	1067	1066	1387	1385	1071	1070	1388	1386
852	1066	1125	1389	1387	1070	1129	1390	1388
853	1125	1124	1391	1389	1129	1128	1392	1390
854	1124	1351	1393	1391	1128	1352	1394	1392
855	1315	1282	1371	1395	1316	1284	1372	1396
856	1337	1315	1395	1397	1338	1316	1396	1398
857	1335	1337	1397	1399	1336	1338	1398	1400
858	1325	1335	1399	1401	1327	1336	1400	1402
859	1326	1325	1401	1403	1328	1327	1402	1404
860	1349	1326	1403	1405	1350	1328	1404	1406
861	1351	351	411	1393	1352	353	412	1394
862	1341	1349	1405	1407	1342	1350	1406	1408
863	1121	1341	1407	1409	1122	1342	1408	1410
864	93	1121	1409	417	95	1122	1410	418
865	1366	1365	1411	1412	1368	1367	1413	1414
866	1365	1369	1415	1411	1367	1370	1416	1413
867	1371	1366	1412	1417	1372	1368	1414	1418
868	1369	1373	1419	1415	1370	1374	1420	1416
869	1395	1371	1417	1421	1396	1372	1418	1422
870	1373	1375	1423	1419	1374	1376	1424	1420
871	1375	1377	1425	1423	1376	1378	1426	1424
872	1377	1379	1427	1425	1378	1380	1428	1426
873	1379	1381	1429	1427	1380	1382	1430	1428
874	1381	1383	1431	1429	1382	1384	1432	1430
875	1383	1385	1433	1431	1384	1386	1434	1432
876	1385	1387	1435	1433	1386	1388	1436	1434
877	1387	1389	1437	1435	1388	1390	1438	1436
878	1389	1391	1439	1437	1390	1392	1440	1438
879	1391	1393	1441	1439	1392	1394	1442	1440
880	1397	1395	1421	1443	1398	1396	1422	1444
881	1399	1397	1443	1445	1400	1398	1444	1446
882	1401	1399	1445	1447	1402	1400	1446	1448
883	1403	1401	1447	1449	1404	1402	1448	1450
884	1405	1403	1449	1451	1406	1404	1450	1452
885	1407	1405	1451	1453	1408	1406	1452	1454
886	1393	411	463	1441	1394	412	464	1442
887	1409	1407	1453	1455	1410	1408	1454	1456
888	417	1409	1455	467	418	1410	1456	468
889	1041	1042	1043	1044	1457	1458	1459	1460
890	1047	13	16	1048	1461	473	476	1462
891	1053	1054	1055	1056	1463	1464	1465	1466
892	1061	1062	1063	1064	1467	1468	1469	1470
893	1069	1070	1071	1072	1471	1472	1473	1474
894	1075	1076	1047	1048	1475	1476	1461	1462
895	1081	1082	1083	1084	1477	1478	1479	1480
896	1089	1090	1091	1092	1481	1482	1483	1484
897	1097	1098	1099	1100	1485	1486	1487	1488
898	1042	1103	1104	1043	1458	1489	1490	1459
899	1108	1109	1083	1110	1491	1492	1479	1493
900	1113	1114	1076	1075	1494	1495	1476	1475
901	1116	1100	1114	1113	1496	1488	1495	1494
902	1119	1120	92	91	1497	1498	514	513
903	1122	95	92	1120	1499	515	514	1498
904	1127	1128	1129	1130	1500	1501	1502	1503
905	1133	1134	1130	1069	1504	1505	1503	1471
906	1133	1137	1138	1134	1504	1506	1507	1505
907	1137	1141	1142	1138	1506	1508	1509	1507
908	1146	1147	1148	1127	1510	1511	1512	1500
909	1153	1154	1155	1156	1513	1514	1515	1516
910	1160	1056	1161	1162	1517	1466	1518	1519
911	1165	1166	144	143	1520	1521	540	539
912	1171	1172	1173	1174	1522	1523	1524	1525
913	1174	1173	1177	1178	1525	1524	1526	1527
914	1180	1174	1178	1110	1528	1525	1527	1493
915	1089	1182	1109	1108	1481	1529	1492	1491
916	1104	1185	1182	1186	1490	1530	1529	1531
917	1191	1192	1193	1194	1532	1533	1534	1535
918	1043	1104	1186	1196	1459	1490	1531	1536
919	1199	1200	1082	1081	1537	1538	1478	1477
920	1199	1203	1119	1204	1537	1539	1497	1540
921	1192	1208	1209	1210	1533	1541	1542	1543
922	1210	1212	1193	1192	1543	1544	1534	1533
923	1215	1041	1044	1216	1545	1457	1460	1546
924	1219	1220	1216	1044	1547	1548	1546	1460
925	1044	1043	1196	1219	1460	1459	1536	1547
926	1223	1224	1220	1219	1549	1550	1548	1547
927	1194	1223	1226	1191	1535	1549	1551	1532
928	1196	1226	1223	1219	1536	1551	1549	1547
929	1229	1194	1193	1230	1552	1535	1534	1553
930	1098	1224	1229	1099	1486	1550	1552	1487
931	1224	1223	1194	1229	1550	1549	1535	1552
932	1191	1091	1233	1234	1532	1483	1554	1555
933	1208	1192	1191	1234	1541	1533	1532	1555
934	1236	1171	1174	1180	1556	1522	1525	1528
935	1166	1165	1236	1200	1521	1520	1556	1538
936	1091	1191	1226	1092	1483	1532	1551	1484
937	1186	1092	1226	1196	1531	1484	1551	1536
938	1089	1092	1186	1182	1481	1484	1531	1529
939	1108	1238	1090	1089	1491	1557	1482	1481
940	1110	1178	1238	1108	1493	1527	1557	1491
941	1178	1177	1240	1238	1527	1526	1558	1557
942	1238	1240	1242	1090	1557	1558	1559	1482
943	1090	1242	1233	1091	1482	1559	1554	1483
944	1203	1244	1120	1119	1539	1560	1498	1497
945	1247	1248	1041	1215	1561	1562	1457	1545
946	1248	1250	1042	1041	1562	1563	1458	1457
947	1154	1253	1254	1155	1514	1564	1565	1515
948	1256	236	238	1147	1566	585	587	1511
949	1056	1055	1258	1161	1466	1465	1567	1518
950	1260	1053	1056	1160	1568	1463	1466	1517
951	1260	1160	1062	1061	1568	1517	1468	1467
952	1076	1263	1264	1047	1476	1569	1570	1461
953	1264	248	13	1047	1570	592	473	1461
954	1266	251	248	1264	1571	593	592	1570
955	1260	1061	1268	1053	1568	1467	1572	1463
956	1268	1270	1054	1053	1572	1573	1464	1463
957	1061	1064	1272	1268	1467	1470	1574	1572
958	1277	1278	1279	1280	1575	1576	1577	1578
959	1248	1247	1283	1284	1562	1561	1579	1580
960	1280	1279	1283	1247	1578	1577	1579	1561
961	1286	1133	1069	1072	1581	1504	1471	1474
962	1286	1288	1137	1133	1581	1582	1506	1504
963	1288	1290	1141	1137	1582	1583	1508	1506
964	1063	1156	1290	1288	1469	1516	1583	1582
965	1064	1063	1288	1286	1470	1469	1582	1581
966	1141	1116	1113	1142	1508	1496	1494	1509
967	1290	1292	1116	1141	1583	1584	1496	1508
968	1048	16	282	1294	1462	476	609	1585
969	1294	282	236	1256	1585	609	585	1566
970	1296	1075	1048	1294	1586	1475	1462	1585
971	1134	1146	1127	1130	1505	1510	1500	1503
972	1292	1097	1100	1116	1584	1485	1488	1496
973	1156	1155	1292	1290	1516	1515	1584	1583
974	1155	1254	1097	1292	1515	1565	1485	1584
975	1098	1298	1220	1224	1486	1587	1548	1550
976	1254	1298	1098	1097	1565	1587	1486	1485
977	1220	1298	1300	1216	1548	1587	1588	1546
978	1247	1215	1302	1280	1561	1545	1589	1578
979	1130	1129	1070	1069	1503	1502	1472	1471
980	1215	1216	1300	1302	1545	1546	1588	1589
981	1166	1204	292	144	1521	1540	614	540
982	1204	1166	1200	1199	1540	1521	1538	1537
983	1200	1236	1180	1082	1538	1556	1528	1478
984	1204	1119	91	292	1540	1497	513	614
985	1081	1304	1203	1199	1477	1590	1539	1537
986	1304	1306	1244	1203	1590	1591	1560	1539
987	1084	1308	1304	1081	1480	1592	1590	1477
988	1308	1310	1306	1304	1592	1593	1591	1590
989	143	303	1312	1165	539	619	1594	1520
990	1165	1312	1171	1236	1520	1594	1522	1556
991	1312	1314	1172	1171	1594	1595	1523	1522
992	303	308	1314	1312	619	622	1595	1594
993	1284	1316	1250	1248	1580	1596	1563	1562
994	1250	1318	1103	1042	1563	1597	1489	1458
995	1230	1320	1099	1229	1553	1598	1487	1552
996	1100	1099	1320	1114	1488	1487	1598	1495
997	1114	1320	1263	1076	1495	1598	1569	1476
998	1323	1324	1310	1308	1599	1600	1593	1592
999	1327	1328	1310	1324	1601	1602	1593	1600
1000	1331	1332	1324	1323	1603	1604	1600	1599
1001	1103	1331	1185	1104	1489	1603	1530	1490
1002	1318	1332	1331	1103	1597	1604	1603	1489
1003	1185	1331	1323	1334	1530	1603	1599	1605
1004	1334	1323	1308	1084	1605	1599	1592	1480
1005	1334	1109	1182	1185	1605	1492	1529	1530
1006	1110	1083	1082	1180	1493	1479	1478	1528
1007	1084	1083	1109	1334	1480	1479	1492	1605
1008	1336	1327	1324	1332	1606	1601	1600	1604
1009	1338	1336	1332	1318	1607	1606	1604	1597
1010	1338	1318	1250	1316	1607	1597	1563	1596
1011	1212	1340	1230	1193	1544	1608	1553	1534
1012	1266	1264	1263	1340	1571	1570	1569	1608
1013	1230	1340	1263	1320	1553	1608	1569	1598
1014	1342	1122	1120	1244	1609	1499	1498	1560
1015	1253	1300	1298	1254	1564	1588	1587	1565
1016	1344	1277	1280	1302	1610	1575	1578	1589
1017	1344	1302	1300	1253	1610	1589	1588	1564
1018	1209	1347	1348	1210	1542	1611	1612	1543
1019	1350	1342	1244	1306	1613	1609	1560	1591
1020	1328	1350	1306	1310	1602	1613	1591	1593
1021	1148	1352	1128	1127	1512	1614	1501	1500
1022	1134	1138	1354	1146	1505	1507	1615	1510
1023	1146	1354	1256	1147	1510	1615	1566	1511
1024	1138	1142	1296	1354	1507	1509	1586	1615
1025	1354	1296	1294	1256	1615	1586	1585	1566
1026	1356	1344	1253	1154	1616	1610	1564	1514
1027	354	353	1352	1148	645	644	1614	1512
1028	1147	238	354	1148	1511	587	645	1512
1029	1064	1286	1072	1272	1470	1581	1474	1574
1030	1072	1071	1358	1272	1474	1473	1617	1574
1031	1272	1358	1270	1268	1574	1617	1573	1572
1032	1142	1113	1075	1296	1509	1494	1475	1586
1033	1062	1153	1156	1063	1468	1513	1516	1469
1034	1160	1162	1153	1062	1517	1519	1513	1468
1035	1162	1356	1154	1153	1519	1616	1514	1513
1036	1360	1348	362	361	1618	1612	649	648
1037	1210	1348	1360	1212	1543	1612	1618	1544
1038	1266	1360	361	251	1571	1618	648	593
1039	1212	1360	1266	1340	1544	1618	1571	1608
1040	1161	1258	1363	1364	1518	1567	1619	1620
1041	1364	1363	1278	1277	1620	1619	1576	1575
1042	1162	1161	1364	1356	1519	1518	1620	1616
1043	1356	1364	1277	1344	1616	1620	1575	1610
1044	1348	1347	368	362	1612	1611	652	649
1045	1283	1279	1367	1368	1579	1577	1621	1622
1046	1279	1278	1370	1367	1577	1576	1623	1621
1047	1284	1283	1368	1372	1580	1579	1622	1624
1048	1278	1363	1374	1370	1576	1619	1625	1623
1049	1363	1258	1376	1374	1619	1567	1626	1625
1050	1258	1055	1378	1376	1567	1465	1627	1626
1051	1055	1054	1380	1378	1465	1464	1628	1627
1052	1054	1270	1382	1380	1464	1573	1629	1628
1053	1270	1358	1384	1382	1573	1617	1630	1629
1054	1358	1071	1386	1384	1617	1473	1631	1630
1055	1071	1070	1388	1386	1473	1472	1632	1631
1056	1070	1129	1390	1388	1472	1502	1633	1632
1057	1129	1128	1392	1390	1502	1501	1634	1633
1058	1128	1352	1394	1392	1501	1614	1635	1634
1059	1316	1284	1372	1396	1596	1580	1624	1636
1060	1338	1316	1396	1398	1607	1596	1636	1637
1061	1336	1338	1398	1400	1606	1607	1637	1638
1062	1327	1336	1400	1402	1601	1606	1638	1639
1063	1328	1327	1402	1404	1602	1601	1639	1640
1064	1350	1328	1404	1406	1613	1602	1640	1641
1065	1352	353	412	1394	1614	644	674	1635
1066	1342	1350	1406	1408	1609	1613	1641	1642
1067	1122	1342	1408	1410	1499	1609	1642	1643
1068	95	1122	1410	418	515	1499	1643	677
1069	1368	1367	1413	1414	1622	1621	1644	1645
1070	1367	1370	1416	1413	1621	1623	1646	1644
1071	1372	1368	1414	1418	1624	1622	1645	1647
1072	1370	1374	1420	1416	1623	1625	1648	1646
1073	1396	1372	1418	1422	1636	1624	1647	1649
1074	1374	1376	1424	1420	1625	1626	1650	1648
1075	1376	1378	1426	1424	1626	1627	1651	1650
1076	1378	1380	1428	1426	1627	1628	1652	1651
1077	1380	1382	1430	1428	1628	1629	1653	1652
1078	1382	1384	1432	1430	1629	1630	1654	1653
1079	1384	1386	1434	1432	1630	1631	1655	1654
1080	1386	1388	1436	1434	1631	1632	1656	1655
1081	1388	1390	1438	1436	1632	1633	1657	1656
1082	1390	1392	1440	1438	1633	1634	1658	1657
1083	1392	1394	1442	1440	1634	1635	1659	1658
1084	1398	1396	1422	1444	1637	1636	1649	1660
1085	1400	1398	1444	1446	1638	1637	1660	1661
1086	1402	1400	1446	1448	1639	1638	1661	1662
1087	1404	1402	1448	1450	1640	1639	1662	1663
1088	1406	1404	1450	1452	1641	1640	1663	1664
1089	1408	1406	1452	1454	1642	1641	1664	1665
1090	1394	412	464	1442	1635	674	700	1659
1091	1410	1408	1454	1456	1643	1642	1665	1666
1092	418	1410	1456	468	677	1643	1666	702
1093	1457	1458	1459	1460	1667	1668	1669	1670
1094	1461	473	476	1462	1671	707	710	1672
1095	1463	1464	1465	1466	1673	1674	1675	1676
1096	1467	1468	1469	1470	1677	1678	1679	1680
1097	1471	1472	1473	1474	1681	1682	1683	1684
1098	1475	1476	1461	1462	1685	1686	1671	1672
1099	1477	1478	1479	1480	1687	1688	1689	1690
1100	1481	1482	1483	1484	1691	1692	1693	1694
1101	1485	1486	1487	1488	1695	1696	1697	1698
1102	1458	1489	1490	1459	1668	1699	1700	1669
1103	1491	1492	1479	1493	1701	1702	1689	1703
1104	1494	1495	1476	1475	1704	1705	1686	1685
1105	1496	1488	1495	1494	1706	1698	1705	1704
1106	1497	1498	514	513	1707	1708	748	747
1107	1499	515	514	1498	1709	749	748	1708
1108	1500	1501	1502	1503	1710	1711	1712	1713
1109	1504	1505	1503	1471	1714	1715	1713	1681
1110	1504	1506	1507	1505	1714	1716	1717	1715
1111	1506	1508	1509	1507	1716	1718	1719	1717
1112	1510	1511	1512	1500	1720	1721	1722	1710
1113	1513	1514	1515	1516	1723	1724	1725	1726
1114	1517	1466	1518	1519	1727	1676	1728	1729
1115	1520	1521	540	539	1730	1731	774	773
1116	1522	1523	1524	1525	1732	1733	1734	1735
1117	1525	1524	1526	1527	1735	1734	1736	1737
1118	1528	1525	1527	1493	1738	1735	1737	1703
1119	1481	1529	1492	1491	1691	1739	1702	1701
1120	1490	1530	1529	1531	1700	1740	1739	1741
1121	1532	1533	1534	1535	1742	1743	1744	1745
1122	1459	1490	1531	1536	1669	1700	1741	1746
1123	1537	1538	1478	1477	1747	1748	1688	1687
1124	1537	1539	1497	1540	1747	1749	1707	1750
1125	1533	1541	1542	1543	1743	1751	1752	1753
1126	1543	1544	1534	1533	1753	1754	1744	1743
1127	1545	1457	1460	1546	1755	1667	1670	1756
1128	1547	1548	1546	1460	1757	1758	1756	1670
1129	1460	1459	1536	1547	1670	1669	1746	1757
1130	1549	1550	1548	1547	1759	1760	1758	1757
1131	1535	1549	1551	1532	1745	1759	1761	1742
1132	1536	1551	1549	1547	1746	1761	1759	1757
1133	1552	1535	1534	1553	1762	1745	1744	1763
1134	1486	1550	1552	1487	1696	1760	1762	1697
1135	1550	1549	1535	1552	1760	1759	1745	1762
1136	1532	1483	1554	1555	1742	1693	1764	1765
1137	1541	1533	1532	1555	1751	1743	1742	1765
1138	1556	1522	1525	1528	1766	1732	1735	1738
1139	1521	1520	1556	1538	1731	1730	1766	1748
1140	1483	1532	1551	1484	1693	1742	1761	1694
1141	1531	1484	1551	1536	1741	1694	1761	1746
1142	1481	1484	1531	1529	1691	1694	1741	1739
1143	1491	1557	1482	1481	1701	1767	1692	1691
1144	1493	1527	1557	1491	1703	1737	1767	1701
1145	1527	1526	1558	1557	1737	1736	1768	1767
1146	1557	1558	1559	1482	1767	1768	1769	1692
1147	1482	1559	1554	1483	1692	1769	1764	1693
1148	1539	1560	1498	1497	1749	1770	1708	1707
1149	1561	1562	1457	1545	1771	1772	1667	1755
1150	1562	1563	1458	1457	1772	1773	1668	1667
1151	1514	1564	1565	1515	1724	1774	1775	1725
1152	1566	585	587	1511	1776	819	821	1721
1153	1466	1465	1567	1518	1676	1675	1777	1728
1154	1568	1463	1466	1517	1778	1673	1676	1727
1155	1568	1517	1468	1467	1778	1727	1678	1677
1156	1476	1569	1570	1461	1686	1779	1780	1671
1157	1570	592	473	1461	1780	826	707	1671
1158	1571	593	592	1570	1781	827	826	1780
1159	1568	1467	1572	1463	1778	1677	1782	1673
1160	1572	1573	1464	1463	1782	1783	1674	1673
1161	1467	1470	1574	1572	1677	1680	1784	1782
1162	1575	1576	1577	1578	1785	1786	1787	1788
1163	1562	1561	1579	1580	1772	1771	1789	1790
1164	1578	1577	1579	1561	1788	1787	1789	1771
1165	1581	1504	1471	1474	1791	1714	1681	1684
1166	1581	1582	1506	1504	1791	1792	1716	1714
1167	1582	1583	1508	1506	1792	1793	1718	1716
1168	1469	1516	1583	1582	1679	1726	1793	1792
1169	1470	1469	1582	1581	1680	1679	1792	1791
1170	1508	1496	1494	1509	1718	1706	1704	1719
1171	1583	1584	1496	1508	1793	1794	1706	1718
1172	1462	476	609	1585	1672	710	843	1795
1173	1585	609	585	1566	1795	843	819	1776
1174	1586	1475	1462	1585	1796	1685	1672	1795
1175	1505	1510	1500	1503	1715	1720	1710	1713
1176	1584	1485	1488	1496	1794	1695	1698	1706
1177	1516	1515	1584	1583	1726	1725	1794	1793
1178	1515	1565	1485	1584	1725	1775	1695	1794
1179	1486	1587	1548	1550	1696	1797	1758	1760
1180	1565	1587	1486	1485	1775	1797	1696	1695
1181	1548	1587	1588	1546	1758	1797	1798	1756
1182	1561	1545	1589	1578	1771	1755	1799	1788
1183	1503	1502	1472	1471	1713	1712	1682	1681
1184	1545	1546	1588	1589	1755	1756	1798	1799
1185	1521	1540	614	540	1731	1750	848	774
1186	1540	1521	1538	1537	1750	1731	1748	1747
1187	1538	1556	1528	1478	1748	1766	1738	1688
1188	1540	1497	513	614	1750	1707	747	848
1189	1477	1590	1539	1537	1687	1800	1749	1747
1190	1590	1591	1560	1539	1800	1801	1770	1749
1191	1480	1592	1590	1477	1690	1802	1800	1687
1192	1592	1593	1591	1590	1802	1803	1801	1800
1193	539	619	1594	1520	773	853	1804	1730
1194	1520	1594	1522	1556	1730	1804	1732	1766
1195	1594	1595	1523	1522	1804	1805	1733	1732
1196	619	622	1595	1594	853	856	1805	1804
1197	1580	1596	1563	1562	1790	1806	1773	1772
1198	1563	1597	1489	1458	1773	1807	1699	1668
1199	1553	1598	1487	1552	1763	1808	1697	1762
1200	1488	1487	1598	1495	1698	1697	1808	1705
1201	1495	1598	1569	1476	1705	1808	1779	1686
1202	1599	1600	1593	1592	1809	1810	1803	1802
1203	1601	1602	1593	1600	1811	1812	1803	1810
1204	1603	1604	1600	1599	1813	1814	1810	1809
1205	1489	1603	1530	1490	1699	1813	1740	1700
1206	1597	1604	1603	1489	1807	1814	1813	1699
1207	1530	1603	1599	1605	1740	1813	1809	1815
1208	1605	1599	1592	1480	1815	1809	1802	1690
1209	1605	1492	1529	1530	1815	1702	1739	1740
1210	1493	1479	1478	1528	1703	1689	1688	1738
1211	1480	1479	1492	1605	1690	1689	1702	1815
1212	1606	1601	1600	1604	1816	1811	1810	1814
1213	1607	1606	1604	1597	1817	1816	1814	1807
1214	1607	1597	1563	1596	1817	1807	1773	1806
1215	1544	1608	1553	1534	1754	1818	1763	1744
1216	1571	1570	1569	1608	1781	1780	1779	1818
1217	1553	1608	1569	1598	1763	1818	1779	1808
1218	1609	1499	1498	1560	1819	1709	1708	1770
1219	1564	1588	1587	1565	1774	1798	1797	1775
1220	1610	1575	1578	1589	1820	1785	1788	1799
1221	1610	1589	1588	1564	1820	1799	1798	1774
1222	1542	1611	1612	1543	1752	1821	1822	1753
1223	1613	1609	1560	1591	1823	1819	1770	1801
1224	1602	1613	1591	1593	1812	1823	1801	1803
1225	1512	1614	1501	1500	1722	1824	1711	1710
1226	1505	1507	1615	1510	1715	1717	1825	1720
1227	1510	1615	1566	1511	1720	1825	1776	1721
1228	1507	1509	1586	1615	1717	1719	1796	1825
1229	1615	1586	1585	1566	1825	1796	1795	1776
1230	1616	1610	1564	1514	1826	1820	1774	1724
1231	645	644	1614	1512	879	878	1824	1722
1232	1511	587	645	1512	1721	821	879	1722
1233	1470	1581	1474	1574	1680	1791	1684	1784
1234	1474	1473	1617	1574	1684	1683	1827	1784
1235	1574	1617	1573	1572	1784	1827	1783	1782
1236	1509	1494	1475	1586	1719	1704	1685	1796
1237	1468	1513	1516	1469	1678	1723	1726	1679
1238	1517	1519	1513	1468	1727	1729	1723	1678
1239	1519	1616	1514	1513	1729	1826	1724	1723
1240	1618	1612	649	648	1828	1822	883	882
1241	1543	1612	1618	1544	1753	1822	1828	1754
1242	1571	1618	648	593	1781	1828	882	827
1243	1544	1618	1571	1608	1754	1828	1781	1818
1244	1518	1567	1619	1620	1728	1777	1829	1830
1245	1620	1619	1576	1575	1830	1829	1786	1785
1246	1519	1518	1620	1616	1729	1728	1830	1826
1247	1616	1620	1575	1610	1826	1830	1785	1820
1248	1612	1611	652	649	1822	1821	886	883
1249	1579	1577	1621	1622	1789	1787	1831	1832
1250	1577	1576	1623	1621	1787	1786	1833	1831
1251	1580	1579	1622	1624	1790	1789	1832	1834
1252	1576	1619	1625	1623	1786	1829	1835	1833
1253	1619	1567	1626	1625	1829	1777	1836	1835
1254	1567	1465	1627	1626	1777	1675	1837	1836
1255	1465	1464	1628	1627	1675	1674	1838	1837
1256	1464	1573	1629	1628	1674	1783	1839	1838
1257	1573	1617	1630	1629	1783	1827	1840	1839
1258	1617	1473	1631	1630	1827	1683	1841	1840
1259	1473	1472	1632	1631	1683	1682	1842	1841
1260	1472	1502	1633	1632	1682	1712	1843	1842
1261	1502	1501	1634	1633	1712	1711	1844	1843
1262	1501	1614	1635	1634	1711	1824	1845	1844
1263	1596	1580	1624	1636	1806	1790	1834	1846
1264	1607	1596	1636	1637	1817	1806	1846	1847
1265	1606	1607	1637	1638	1816	1817	1847	1848
1266	1601	1606	1638	1639	1811	1816	1848	1849
1267	1602	1601	1639	1640	1812	1811	1849	1850
1268	1613	1602	1640	1641	1823	1812	1850	1851
1269	1614	644	674	1635	1824	878	908	1845
1270	1609	1613	1641	1642	1819	1823	1851	1852
1271	1499	1609	1642	1643	1709	1819	1852	1853
1272	515	1499	1643	677	749	1709	1853	911
1273	1622	1621	1644	1645	1832	1831	1854	1855
1274	1621	1623	1646	1644	1831	1833	1856	1854
1275	1624	1622	1645	1647	1834	1832	1855	1857
1276	1623	1625	1648	1646	1833	1835	1858	1856
1277	1636	1624	1647	1649	1846	1834	1857	1859
1278	1625	1626	1650	1648	1835	1836	1860	1858
1279	1626	1627	1651	1650	1836	1837	1861	1860
1280	1627	1628	1652	1651	1837	1838	1862	1861
1281	1628	1629	1653	1652	1838	1839	1863	1862
1282	1629	1630	1654	1653	1839	1840	1864	1863
1283	1630	1631	1655	1654	1840	1841	1865	1864
1284	1631	1632	1656	1655	1841	1842	1866	1865
1285	1632	1633	1657	1656	1842	1843	1867	1866
1286	1633	1634	1658	1657	1843	1844	1868	1867
1287	1634	1635	1659	1658	1844	1845	1869	1868
1288	1637	1636	1649	1660	1847	1846	1859	1870
1289	1638	1637	1660	1661	1848	1847	1870	1871
1290	1639	1638	1661	1662	1849	1848	1871	1872
1291	1640	1639	1662	1663	1850	1849	1872	1873
1292	1641	1640	1663	1664	1851	1850	1873	1874
1293	1642	1641	1664	1665	1852	1851	1874	1875
1294	1635	674	700	1659	1845	908	934	1869
1295	1643	1642	1665	1666	1853	1852	1875	1876
1296	677	1643	1666	702	911	1853	1876	936
1297	1411	1412	1414	1413	1877	1878	1879	1880
1298	1415	1411	1413	1416	1881	1877	1880	1882
1299	1412	1417	1418	1414	1878	1883	1884	1879
1300	1419	1415	1416	1420	1885	1881	1882	1886
1301	1417	1421	1422	1418	1883	1887	1888	1884
1302	1423	1419	1420	1424	1889	1885	1886	1890
1303	1421	1443	1444	1422	1887	1891	1892	1888
1304	1425	1423	1424	1426	1893	1889	1890	1894
1305	1427	1425	1426	1428	1895	1893	1894	1896
1306	1429	1427	1428	1430	1897	1895	1896	1898
1307	1431	1429	1430	1432	1899	1897	1898	1900
1308	1433	1431	1432	1434	1901	1899	1900	1902
1309	1435	1433	1434	1436	1903	1901	1902	1904
1310	1437	1435	1436	1438	1905	1903	1904	1906
1311	1439	1437	1438	1440	1907	1905	1906	1908
1312	1441	1439	1440	1442	1909	1907	1908	1910
1313	463	1441	1442	464	971	1909	1910	972
1314	1443	1445	1446	1444	1891	1911	1912	1892
1315	1445	1447	1448	1446	1911	1913	1914	1912
1316	1447	1449	1450	1448	1913	1915	1916	1914
1317	1449	1451	1452	1450	1915	1917	1918	1916
1318	1451	1453	1454	1452	1917	1919	1920	1918
1319	1453	1455	1456	1454	1919	1921	1922	1920
1320	1455	467	468	1456	1921	985	986	1922
1321	1413	1414	1645	1644	1880	1879	1923	1924
1322	1646	1644	1854	1856	1925	1924	1926	1927
1323	1416	1413	1644	1646	1882	1880	1924	1925
1324	1644	1645	1855	1854	1924	1923	1928	1926
1325	1414	1418	1647	1645	1879	1884	1929	1923
1326	1420	1416	1646	1648	1886	1882	1925	1930
1327	1645	1647	1857	1855	1923	1929	1931	1928
1328	1418	1422	1649	1647	1884	1888	1932	1929
1329	1648	1646	1856	1858	1930	1925	1927	1933
1330	1650	1648	1858	1860	1934	1930	1933	1935
1331	1424	1420	1648	1650	1890	1886	1930	1934
1332	1647	1649	1859	1857	1929	1932	1936	1931
1333	1422	1444	1660	1649	1888	1892	1937	1932
1334	1651	1650	1860	1861	1938	1934	1935	1939
1335	1426	1424	1650	1651	1894	1890	1934	1938
1336	1652	1651	1861	1862	1940	1938	1939	1941
1337	1428	1426	1651	1652	1896	1894	1938	1940
1338	1653	1652	1862	1863	1942	1940	1941	1943
1339	1430	1428	1652	1653	1898	1896	1940	1942
1340	1654	1653	1863	1864	1944	1942	1943	1945
1341	1432	1430	1653	1654	1900	1898	1942	1944
1342	1655	1654	1864	1865	1946	1944	1945	1947
1343	1434	1432	1654	1655	1902	1900	1944	1946
1344	1656	1655	1865	1866	1948	1946	1947	1949
1345	1436	1434	1655	1656	1904	1902	1946	1948
1346	1657	1656	1866	1867	1950	1948	1949	1951
1347	1438	1436	1656	1657	1906	1904	1948	1950
1348	1658	1657	1867	1868	1952	1950	1951	1953
1349	1440	1438	1657	1658	1908	1906	1950	1952
1350	1659	1658	1868	1869	1954	1952	1953	1955
1351	1442	1440	1658	1659	1910	1908	1952	1954
1352	700	1659	1869	934	1020	1954	1955	1021
1353	464	1442	1659	700	972	1910	1954	1020
1354	1649	1660	1870	1859	1932	1937	1956	1936
1355	1444	1446	1661	1660	1892	1912	1957	1937
1356	1660	1661	1871	1870	1937	1957	1958	1956
1357	1446	1448	1662	1661	1912	1914	1959	1957
1358	1661	1662	1872	1871	1957	1959	1960	1958
1359	1448	1450	1663	1662	1914	1916	1961	1959
1360	1662	1663	1873	1872	1959	1961	1962	1960
1361	1450	1452	1664	1663	1916	1918	1963	1961
1362	1663	1664	1874	1873	1961	1963	1964	1962
1363	1452	1454	1665	1664	1918	1920	1965	1963
1364	1664	1665	1875	1874	1963	1965	1966	1964
1365	1454	1456	1666	1665	1920	1922	1967	1965
1366	1665	1666	1876	1875	1965	1967	1968	1966
1367	1666	702	936	1876	1967	1035	1036	1968
1368	1456	468	702	1666	1922	986	1035	1967
