1	1	2	3	4	5	6	7	8
2	9	10	11	12	13	14	15	16
3	4	3	17	18	8	7	19	20
4	21	22	12	11	23	24	16	15
5	25	1	4	26	27	5	8	28
6	29	30	31	32	33	34	35	36
7	37	38	39	40	41	42	43	44
8	45	46	47	48	49	50	51	52
9	53	54	55	56	57	58	59	60
10	30	61	62	63	34	64	65	66
11	67	68	69	70	71	72	73	74
12	61	75	76	62	64	77	78	65
13	79	62	76	80	81	65	78	82
14	68	83	84	69	72	85	86	73
15	87	88	89	90	91	92	93	94
16	95	96	88	87	97	98	92	91
17	99	90	89	100	101	94	93	102
18	99	100	37	40	101	102	41	44
19	56	55	103	104	60	59	105	106
20	104	103	107	108	106	105	109	110
21	111	104	108	112	113	106	110	114
22	90	21	115	87	94	23	116	91
23	117	115	118	119	120	116	121	122
24	115	117	95	87	116	120	97	91
25	123	124	118	115	125	126	121	116
26	127	18	128	129	130	20	131	132
27	133	134	135	136	137	138	139	140
28	141	142	143	144	145	146	147	148
29	123	115	21	11	125	116	23	15
30	124	123	149	150	126	125	151	152
31	153	142	2	1	154	146	6	5
32	155	150	149	156	157	152	151	158
33	156	149	10	159	158	151	14	160
34	161	162	163	164	165	166	167	168
35	169	143	142	153	170	147	146	154
36	171	153	1	25	172	154	5	27
37	142	141	173	2	146	145	174	6
38	141	163	162	173	145	167	166	174
39	2	173	175	3	6	174	176	7
40	18	17	177	128	20	19	178	131
41	108	107	162	161	110	109	166	165
42	164	163	179	180	168	167	181	182
43	163	141	144	179	167	145	148	181
44	183	184	185	159	186	187	188	160
45	9	189	190	183	13	191	192	186
46	90	99	22	21	94	101	24	23
47	53	193	194	54	57	195	196	58
48	194	197	88	96	196	198	92	98
49	199	169	153	171	200	170	154	172
50	201	202	112	203	204	205	114	206
51	112	108	161	203	114	110	165	206
52	207	208	209	210	211	212	213	214
53	215	56	104	111	216	60	106	113
54	217	218	219	215	220	221	222	216
55	223	208	224	193	225	212	226	195
56	99	40	227	22	101	44	228	24
57	229	31	230	231	232	35	233	234
58	235	231	230	236	237	234	233	238
59	239	240	83	68	241	242	85	72
60	243	244	240	239	245	246	242	241
61	46	247	248	47	50	249	250	51
62	251	248	252	253	254	250	255	256
63	84	29	32	257	86	33	36	258
64	83	259	29	84	85	260	33	86
65	259	61	30	29	260	64	34	33
66	240	261	259	83	242	262	260	85
67	208	207	263	224	212	211	264	226
68	207	265	266	263	211	267	268	264
69	269	32	31	229	270	36	35	232
70	159	185	271	156	160	188	272	158
71	156	271	273	155	158	272	274	157
72	40	39	275	227	44	43	276	228
73	39	243	239	275	43	245	241	276
74	277	257	32	269	278	258	36	270
75	31	30	63	230	35	34	66	233
76	279	63	62	79	280	66	65	81
77	236	230	63	279	238	233	66	280
78	281	282	283	284	285	286	287	288
79	193	224	197	194	195	226	198	196
80	224	263	289	197	226	264	290	198
81	100	89	289	291	102	93	290	292
82	263	266	291	289	264	268	292	290
83	197	289	89	88	198	290	93	92
84	184	183	190	293	187	186	192	294
85	295	45	48	296	297	49	52	298
86	75	295	296	76	77	297	298	78
87	299	217	215	111	300	220	216	113
88	202	299	111	112	205	300	113	114
89	301	266	265	302	303	268	267	304
90	265	207	210	305	267	211	214	306
91	307	302	265	305	308	304	267	306
92	26	4	18	127	28	8	20	130
93	80	76	296	309	82	78	298	310
94	311	47	248	251	312	51	250	254
95	313	281	284	314	315	285	288	316
96	317	313	314	38	318	315	316	42
97	314	284	244	243	316	288	246	245
98	38	314	243	39	42	316	245	43
99	189	70	319	190	191	74	320	192
100	293	190	319	321	294	192	320	322
101	95	323	324	96	97	325	326	98
102	327	328	117	119	329	330	120	122
103	129	128	328	327	132	131	330	329
104	328	323	95	117	330	325	97	120
105	128	177	323	328	131	178	325	330
106	173	162	107	175	174	166	109	176
107	331	17	3	175	332	19	7	176
108	54	194	96	324	58	196	98	326
109	248	247	333	252	250	249	334	255
110	333	247	46	282	334	249	50	286
111	70	69	335	319	74	73	336	320
112	69	84	257	335	73	86	258	336
113	321	319	335	337	322	320	336	338
114	337	335	257	277	338	336	258	278
115	339	340	313	317	341	342	315	318
116	343	201	203	344	345	204	206	346
117	203	161	164	344	206	165	168	346
118	275	239	68	67	276	241	72	71
119	12	347	189	9	16	348	191	13
120	347	67	70	189	348	71	74	191
121	227	347	12	22	228	348	16	24
122	227	275	67	347	228	276	71	348
123	284	283	349	244	288	287	350	246
124	283	45	295	349	287	49	297	350
125	282	46	45	283	286	50	49	287
126	136	135	351	352	140	139	353	354
127	352	351	302	307	354	353	304	308
128	355	55	54	324	356	59	58	326
129	324	323	177	355	326	325	178	356
130	175	107	103	331	176	109	105	332
131	331	103	55	355	332	105	59	356
132	355	177	17	331	356	178	19	332
133	344	164	180	357	346	168	182	358
134	359	343	344	357	360	345	346	358
135	159	10	9	183	160	14	13	186
136	10	149	123	11	14	151	125	15
137	351	339	301	302	353	341	303	304
138	253	252	134	133	256	255	138	137
139	252	333	361	134	255	334	362	138
140	363	317	38	37	364	318	42	41
141	37	100	291	363	41	102	292	364
142	291	266	301	363	292	268	303	364
143	301	339	317	363	303	341	318	364
144	361	333	282	281	362	334	286	285
145	340	361	281	313	342	362	285	315
146	349	295	75	261	350	297	77	262
147	244	349	261	240	246	350	262	242
148	261	75	61	259	262	77	64	260
149	135	340	339	351	139	342	341	353
150	134	361	340	135	138	362	342	139
151	309	296	48	365	310	298	52	366
152	365	48	47	311	366	52	51	312
153	209	208	223	367	213	212	225	368
154	219	223	193	53	222	225	195	57
155	219	53	56	215	222	57	60	216
156	218	367	223	219	221	368	225	222
157	352	307	369	370	354	308	371	372
158	307	305	373	369	308	306	374	371
159	305	210	375	373	306	214	376	374
160	210	209	377	375	214	213	378	376
161	136	352	370	379	140	354	372	380
162	133	136	379	381	137	140	380	382
163	253	133	381	383	256	137	382	384
164	365	311	385	386	366	312	387	388
165	311	251	389	385	312	254	390	387
166	251	253	383	389	254	256	384	390
167	309	365	386	391	310	366	388	392
168	80	309	391	393	82	310	392	394
169	79	80	393	395	81	82	394	396
170	279	79	395	397	280	81	396	398
171	209	367	399	377	213	368	400	378
172	367	218	401	399	368	221	402	400
173	218	217	403	401	221	220	404	402
174	217	299	405	403	220	300	406	404
175	236	279	397	407	238	280	398	408
176	235	236	407	409	237	238	408	410
177	299	202	411	405	300	205	412	406
178	202	201	413	411	205	204	414	412
179	201	343	415	413	204	345	416	414
180	343	359	417	415	345	360	418	416
181	369	373	419	420	371	374	421	422
182	370	369	420	423	372	371	422	424
183	373	375	425	419	374	376	426	421
184	379	370	423	427	380	372	424	428
185	375	377	429	425	376	378	430	426
186	381	379	427	431	382	380	428	432
187	383	381	431	433	384	382	432	434
188	385	389	435	436	387	390	437	438
189	386	385	436	439	388	387	438	440
190	389	383	433	435	390	384	434	437
191	391	386	439	441	392	388	440	442
192	393	391	441	443	394	392	442	444
193	395	393	443	445	396	394	444	446
194	397	395	445	447	398	396	446	448
195	407	397	447	449	408	398	448	450
196	377	399	451	429	378	400	452	430
197	399	401	453	451	400	402	454	452
198	401	403	455	453	402	404	456	454
199	403	405	457	455	404	406	458	456
200	405	411	459	457	406	412	460	458
201	409	407	449	461	410	408	450	462
202	411	413	463	459	412	414	464	460
203	413	415	465	463	414	416	466	464
204	415	417	467	465	416	418	468	466
205	5	6	7	8	469	470	471	472
206	13	14	15	16	473	474	475	476
207	8	7	19	20	472	471	477	478
208	23	24	16	15	479	480	476	475
209	27	5	8	28	481	469	472	482
210	33	34	35	36	483	484	485	486
211	41	42	43	44	487	488	489	490
212	49	50	51	52	491	492	493	494
213	57	58	59	60	495	496	497	498
214	34	64	65	66	484	499	500	501
215	71	72	73	74	502	503	504	505
216	64	77	78	65	499	506	507	500
217	81	65	78	82	508	500	507	509
218	72	85	86	73	503	510	511	504
219	91	92	93	94	512	513	514	515
220	97	98	92	91	516	517	513	512
221	101	94	93	102	518	515	514	519
222	101	102	41	44	518	519	487	490
223	60	59	105	106	498	497	520	521
224	106	105	109	110	521	520	522	523
225	113	106	110	114	524	521	523	525
226	94	23	116	91	515	479	526	512
227	120	116	121	122	527	526	528	529
228	116	120	97	91	526	527	516	512
229	125	126	121	116	530	531	528	526
230	130	20	131	132	532	478	533	534
231	137	138	139	140	535	536	537	538
232	145	146	147	148	539	540	541	542
233	125	116	23	15	530	526	479	475
234	126	125	151	152	531	530	543	544
235	154	146	6	5	545	540	470	469
236	157	152	151	158	546	544	543	547
237	158	151	14	160	547	543	474	548
238	165	166	167	168	549	550	551	552
239	170	147	146	154	553	541	540	545
240	172	154	5	27	554	545	469	481
241	146	145	174	6	540	539	555	470
242	145	167	166	174	539	551	550	555
243	6	174	176	7	470	555	556	471
244	20	19	178	131	478	477	557	533
245	110	109	166	165	523	522	550	549
246	168	167	181	182	552	551	558	559
247	167	145	148	181	551	539	542	558
248	186	187	188	160	560	561	562	548
249	13	191	192	186	473	563	564	560
250	94	101	24	23	515	518	480	479
251	57	195	196	58	495	565	566	496
252	196	198	92	98	566	567	513	517
253	200	170	154	172	568	553	545	554
254	204	205	114	206	569	570	525	571
255	114	110	165	206	525	523	549	571
256	211	212	213	214	572	573	574	575
257	216	60	106	113	576	498	521	524
258	220	221	222	216	577	578	579	576
259	225	212	226	195	580	573	581	565
260	101	44	228	24	518	490	582	480
261	232	35	233	234	583	485	584	585
262	237	234	233	238	586	585	584	587
263	241	242	85	72	588	589	510	503
264	245	246	242	241	590	591	589	588
265	50	249	250	51	492	592	593	493
266	254	250	255	256	594	593	595	596
267	86	33	36	258	511	483	486	597
268	85	260	33	86	510	598	483	511
269	260	64	34	33	598	499	484	483
270	242	262	260	85	589	599	598	510
271	212	211	264	226	573	572	600	581
272	211	267	268	264	572	601	602	600
273	270	36	35	232	603	486	485	583
274	160	188	272	158	548	562	604	547
275	158	272	274	157	547	604	605	546
276	44	43	276	228	490	489	606	582
277	43	245	241	276	489	590	588	606
278	278	258	36	270	607	597	486	603
279	35	34	66	233	485	484	501	584
280	280	66	65	81	608	501	500	508
281	238	233	66	280	587	584	501	608
282	285	286	287	288	609	610	611	612
283	195	226	198	196	565	581	567	566
284	226	264	290	198	581	600	613	567
285	102	93	290	292	519	514	613	614
286	264	268	292	290	600	602	614	613
287	198	290	93	92	567	613	514	513
288	187	186	192	294	561	560	564	615
289	297	49	52	298	616	491	494	617
290	77	297	298	78	506	616	617	507
291	300	220	216	113	618	577	576	524
292	205	300	113	114	570	618	524	525
293	303	268	267	304	619	602	601	620
294	267	211	214	306	601	572	575	621
295	308	304	267	306	622	620	601	621
296	28	8	20	130	482	472	478	532
297	82	78	298	310	509	507	617	623
298	312	51	250	254	624	493	593	594
299	315	285	288	316	625	609	612	626
300	318	315	316	42	627	625	626	488
301	316	288	246	245	626	612	591	590
302	42	316	245	43	488	626	590	489
303	191	74	320	192	563	505	628	564
304	294	192	320	322	615	564	628	629
305	97	325	326	98	516	630	631	517
306	329	330	120	122	632	633	527	529
307	132	131	330	329	534	533	633	632
308	330	325	97	120	633	630	516	527
309	131	178	325	330	533	557	630	633
310	174	166	109	176	555	550	522	556
311	332	19	7	176	634	477	471	556
312	58	196	98	326	496	566	517	631
313	250	249	334	255	593	592	635	595
314	334	249	50	286	635	592	492	610
315	74	73	336	320	505	504	636	628
316	73	86	258	336	504	511	597	636
317	322	320	336	338	629	628	636	637
318	338	336	258	278	637	636	597	607
319	341	342	315	318	638	639	625	627
320	345	204	206	346	640	569	571	641
321	206	165	168	346	571	549	552	641
322	276	241	72	71	606	588	503	502
323	16	348	191	13	476	642	563	473
324	348	71	74	191	642	502	505	563
325	228	348	16	24	582	642	476	480
326	228	276	71	348	582	606	502	642
327	288	287	350	246	612	611	643	591
328	287	49	297	350	611	491	616	643
329	286	50	49	287	610	492	491	611
330	140	139	353	354	538	537	644	645
331	354	353	304	308	645	644	620	622
332	356	59	58	326	646	497	496	631
333	326	325	178	356	631	630	557	646
334	176	109	105	332	556	522	520	634
335	332	105	59	356	634	520	497	646
336	356	178	19	332	646	557	477	634
337	346	168	182	358	641	552	559	647
338	360	345	346	358	648	640	641	647
339	160	14	13	186	548	474	473	560
340	14	151	125	15	474	543	530	475
341	353	341	303	304	644	638	619	620
342	256	255	138	137	596	595	536	535
343	255	334	362	138	595	635	649	536
344	364	318	42	41	650	627	488	487
345	41	102	292	364	487	519	614	650
346	292	268	303	364	614	602	619	650
347	303	341	318	364	619	638	627	650
348	362	334	286	285	649	635	610	609
349	342	362	285	315	639	649	609	625
350	350	297	77	262	643	616	506	599
351	246	350	262	242	591	643	599	589
352	262	77	64	260	599	506	499	598
353	139	342	341	353	537	639	638	644
354	138	362	342	139	536	649	639	537
355	310	298	52	366	623	617	494	651
356	366	52	51	312	651	494	493	624
357	213	212	225	368	574	573	580	652
358	222	225	195	57	579	580	565	495
359	222	57	60	216	579	495	498	576
360	221	368	225	222	578	652	580	579
361	354	308	371	372	645	622	653	654
362	308	306	374	371	622	621	655	653
363	306	214	376	374	621	575	656	655
364	214	213	378	376	575	574	657	656
365	140	354	372	380	538	645	654	658
366	137	140	380	382	535	538	658	659
367	256	137	382	384	596	535	659	660
368	366	312	387	388	651	624	661	662
369	312	254	390	387	624	594	663	661
370	254	256	384	390	594	596	660	663
371	310	366	388	392	623	651	662	664
372	82	310	392	394	509	623	664	665
373	81	82	394	396	508	509	665	666
374	280	81	396	398	608	508	666	667
375	213	368	400	378	574	652	668	657
376	368	221	402	400	652	578	669	668
377	221	220	404	402	578	577	670	669
378	220	300	406	404	577	618	671	670
379	238	280	398	408	587	608	667	672
380	237	238	408	410	586	587	672	673
381	300	205	412	406	618	570	674	671
382	205	204	414	412	570	569	675	674
383	204	345	416	414	569	640	676	675
384	345	360	418	416	640	648	677	676
385	371	374	421	422	653	655	678	679
386	372	371	422	424	654	653	679	680
387	374	376	426	421	655	656	681	678
388	380	372	424	428	658	654	680	682
389	376	378	430	426	656	657	683	681
390	382	380	428	432	659	658	682	684
391	384	382	432	434	660	659	684	685
392	387	390	437	438	661	663	686	687
393	388	387	438	440	662	661	687	688
394	390	384	434	437	663	660	685	686
395	392	388	440	442	664	662	688	689
396	394	392	442	444	665	664	689	690
397	396	394	444	446	666	665	690	691
398	398	396	446	448	667	666	691	692
399	408	398	448	450	672	667	692	693
400	378	400	452	430	657	668	694	683
401	400	402	454	452	668	669	695	694
402	402	404	456	454	669	670	696	695
403	404	406	458	456	670	671	697	696
404	406	412	460	458	671	674	698	697
405	410	408	450	462	673	672	693	699
406	412	414	464	460	674	675	700	698
407	414	416	466	464	675	676	701	700
408	416	418	468	466	676	677	702	701
409	469	470	471	472	703	704	705	706
410	473	474	475	476	707	708	709	710
411	472	471	477	478	706	705	711	712
412	479	480	476	475	713	714	710	709
413	481	469	472	482	715	703	706	716
414	483	484	485	486	717	718	719	720
415	487	488	489	490	721	722	723	724
416	491	492	493	494	725	726	727	728
417	495	496	497	498	729	730	731	732
418	484	499	500	501	718	733	734	735
419	502	503	504	505	736	737	738	739
420	499	506	507	500	733	740	741	734
421	508	500	507	509	742	734	741	743
422	503	510	511	504	737	744	745	738
423	512	513	514	515	746	747	748	749
424	516	517	513	512	750	751	747	746
425	518	515	514	519	752	749	748	753
426	518	519	487	490	752	753	721	724
427	498	497	520	521	732	731	754	755
428	521	520	522	523	755	754	756	757
429	524	521	523	525	758	755	757	759
430	515	479	526	512	749	713	760	746
431	527	526	528	529	761	760	762	763
432	526	527	516	512	760	761	750	746
433	530	531	528	526	764	765	762	760
434	532	478	533	534	766	712	767	768
435	535	536	537	538	769	770	771	772
436	539	540	541	542	773	774	775	776
437	530	526	479	475	764	760	713	709
438	531	530	543	544	765	764	777	778
439	545	540	470	469	779	774	704	703
440	546	544	543	547	780	778	777	781
441	547	543	474	548	781	777	708	782
442	549	550	551	552	783	784	785	786
443	553	541	540	545	787	775	774	779
444	554	545	469	481	788	779	703	715
445	540	539	555	470	774	773	789	704
446	539	551	550	555	773	785	784	789
447	470	555	556	471	704	789	790	705
448	478	477	557	533	712	711	791	767
449	523	522	550	549	757	756	784	783
450	552	551	558	559	786	785	792	793
451	551	539	542	558	785	773	776	792
452	560	561	562	548	794	795	796	782
453	473	563	564	560	707	797	798	794
454	515	518	480	479	749	752	714	713
455	495	565	566	496	729	799	800	730
456	566	567	513	517	800	801	747	751
457	568	553	545	554	802	787	779	788
458	569	570	525	571	803	804	759	805
459	525	523	549	571	759	757	783	805
460	572	573	574	575	806	807	808	809
461	576	498	521	524	810	732	755	758
462	577	578	579	576	811	812	813	810
463	580	573	581	565	814	807	815	799
464	518	490	582	480	752	724	816	714
465	583	485	584	585	817	719	818	819
466	586	585	584	587	820	819	818	821
467	588	589	510	503	822	823	744	737
468	590	591	589	588	824	825	823	822
469	492	592	593	493	726	826	827	727
470	594	593	595	596	828	827	829	830
471	511	483	486	597	745	717	720	831
472	510	598	483	511	744	832	717	745
473	598	499	484	483	832	733	718	717
474	589	599	598	510	823	833	832	744
475	573	572	600	581	807	806	834	815
476	572	601	602	600	806	835	836	834
477	603	486	485	583	837	720	719	817
478	548	562	604	547	782	796	838	781
479	547	604	605	546	781	838	839	780
480	490	489	606	582	724	723	840	816
481	489	590	588	606	723	824	822	840
482	607	597	486	603	841	831	720	837
483	485	484	501	584	719	718	735	818
484	608	501	500	508	842	735	734	742
485	587	584	501	608	821	818	735	842
486	609	610	611	612	843	844	845	846
487	565	581	567	566	799	815	801	800
488	581	600	613	567	815	834	847	801
489	519	514	613	614	753	748	847	848
490	600	602	614	613	834	836	848	847
491	567	613	514	513	801	847	748	747
492	561	560	564	615	795	794	798	849
493	616	491	494	617	850	725	728	851
494	506	616	617	507	740	850	851	741
495	618	577	576	524	852	811	810	758
496	570	618	524	525	804	852	758	759
497	619	602	601	620	853	836	835	854
498	601	572	575	621	835	806	809	855
499	622	620	601	621	856	854	835	855
500	482	472	478	532	716	706	712	766
501	509	507	617	623	743	741	851	857
502	624	493	593	594	858	727	827	828
503	625	609	612	626	859	843	846	860
504	627	625	626	488	861	859	860	722
505	626	612	591	590	860	846	825	824
506	488	626	590	489	722	860	824	723
507	563	505	628	564	797	739	862	798
508	615	564	628	629	849	798	862	863
509	516	630	631	517	750	864	865	751
510	632	633	527	529	866	867	761	763
511	534	533	633	632	768	767	867	866
512	633	630	516	527	867	864	750	761
513	533	557	630	633	767	791	864	867
514	555	550	522	556	789	784	756	790
515	634	477	471	556	868	711	705	790
516	496	566	517	631	730	800	751	865
517	593	592	635	595	827	826	869	829
518	635	592	492	610	869	826	726	844
519	505	504	636	628	739	738	870	862
520	504	511	597	636	738	745	831	870
521	629	628	636	637	863	862	870	871
522	637	636	597	607	871	870	831	841
523	638	639	625	627	872	873	859	861
524	640	569	571	641	874	803	805	875
525	571	549	552	641	805	783	786	875
526	606	588	503	502	840	822	737	736
527	476	642	563	473	710	876	797	707
528	642	502	505	563	876	736	739	797
529	582	642	476	480	816	876	710	714
530	582	606	502	642	816	840	736	876
531	612	611	643	591	846	845	877	825
532	611	491	616	643	845	725	850	877
533	610	492	491	611	844	726	725	845
534	538	537	644	645	772	771	878	879
535	645	644	620	622	879	878	854	856
536	646	497	496	631	880	731	730	865
537	631	630	557	646	865	864	791	880
538	556	522	520	634	790	756	754	868
539	634	520	497	646	868	754	731	880
540	646	557	477	634	880	791	711	868
541	641	552	559	647	875	786	793	881
542	648	640	641	647	882	874	875	881
543	548	474	473	560	782	708	707	794
544	474	543	530	475	708	777	764	709
545	644	638	619	620	878	872	853	854
546	596	595	536	535	830	829	770	769
547	595	635	649	536	829	869	883	770
548	650	627	488	487	884	861	722	721
549	487	519	614	650	721	753	848	884
550	614	602	619	650	848	836	853	884
551	619	638	627	650	853	872	861	884
552	649	635	610	609	883	869	844	843
553	639	649	609	625	873	883	843	859
554	643	616	506	599	877	850	740	833
555	591	643	599	589	825	877	833	823
556	599	506	499	598	833	740	733	832
557	537	639	638	644	771	873	872	878
558	536	649	639	537	770	883	873	771
559	623	617	494	651	857	851	728	885
560	651	494	493	624	885	728	727	858
561	574	573	580	652	808	807	814	886
562	579	580	565	495	813	814	799	729
563	579	495	498	576	813	729	732	810
564	578	652	580	579	812	886	814	813
565	645	622	653	654	879	856	887	888
566	622	621	655	653	856	855	889	887
567	621	575	656	655	855	809	890	889
568	575	574	657	656	809	808	891	890
569	538	645	654	658	772	879	888	892
570	535	538	658	659	769	772	892	893
571	596	535	659	660	830	769	893	894
572	651	624	661	662	885	858	895	896
573	624	594	663	661	858	828	897	895
574	594	596	660	663	828	830	894	897
575	623	651	662	664	857	885	896	898
576	509	623	664	665	743	857	898	899
577	508	509	665	666	742	743	899	900
578	608	508	666	667	842	742	900	901
579	574	652	668	657	808	886	902	891
580	652	578	669	668	886	812	903	902
581	578	577	670	669	812	811	904	903
582	577	618	671	670	811	852	905	904
583	587	608	667	672	821	842	901	906
584	586	587	672	673	820	821	906	907
585	618	570	674	671	852	804	908	905
586	570	569	675	674	804	803	909	908
587	569	640	676	675	803	874	910	909
588	640	648	677	676	874	882	911	910
589	653	655	678	679	887	889	912	913
590	654	653	679	680	888	887	913	914
591	655	656	681	678	889	890	915	912
592	658	654	680	682	892	888	914	916
593	656	657	683	681	890	891	917	915
594	659	658	682	684	893	892	916	918
595	660	659	684	685	894	893	918	919
596	661	663	686	687	895	897	920	921
597	662	661	687	688	896	895	921	922
598	663	660	685	686	897	894	919	920
599	664	662	688	689	898	896	922	923
600	665	664	689	690	899	898	923	924
601	666	665	690	691	900	899	924	925
602	667	666	691	692	901	900	925	926
603	672	667	692	693	906	901	926	927
604	657	668	694	683	891	902	928	917
605	668	669	695	694	902	903	929	928
606	669	670	696	695	903	904	930	929
607	670	671	697	696	904	905	931	930
608	671	674	698	697	905	908	932	931
609	673	672	693	699	907	906	927	933
610	674	675	700	698	908	909	934	932
611	675	676	701	700	909	910	935	934
612	676	677	702	701	910	911	936	935
613	419	420	422	421	937	938	939	940
614	420	423	424	422	938	941	942	939
615	425	419	421	426	943	937	940	944
616	423	427	428	424	941	945	946	942
617	429	425	426	430	947	943	944	948
618	427	431	432	428	945	949	950	946
619	451	429	430	452	951	947	948	952
620	431	433	434	432	949	953	954	950
621	435	436	438	437	955	956	957	958
622	436	439	440	438	956	959	960	957
623	433	435	437	434	953	955	958	954
624	439	441	442	440	959	961	962	960
625	441	443	444	442	961	963	964	962
626	443	445	446	444	963	965	966	964
627	445	447	448	446	965	967	968	966
628	447	449	450	448	967	969	970	968
629	449	461	462	450	969	971	972	970
630	453	451	452	454	973	951	952	974
631	455	453	454	456	975	973	974	976
632	457	455	456	458	977	975	976	978
633	459	457	458	460	979	977	978	980
634	463	459	460	464	981	979	980	982
635	465	463	464	466	983	981	982	984
636	467	465	466	468	985	983	984	986
637	678	679	913	912	987	988	989	990
638	421	422	679	678	940	939	988	987
639	679	680	914	913	988	991	992	989
640	422	424	680	679	939	942	991	988
641	681	678	912	915	993	987	990	994
642	426	421	678	681	944	940	987	993
643	680	682	916	914	991	995	996	992
644	424	428	682	680	942	946	995	991
645	683	681	915	917	997	993	994	998
646	430	426	681	683	948	944	993	997
647	682	684	918	916	995	999	1000	996
648	428	432	684	682	946	950	999	995
649	694	683	917	928	1001	997	998	1002
650	452	430	683	694	952	948	997	1001
651	684	685	919	918	999	1003	1004	1000
652	432	434	685	684	950	954	1003	999
653	685	686	920	919	1003	1005	1006	1004
654	434	437	686	685	954	958	1005	1003
655	437	438	687	686	958	957	1007	1005
656	687	688	922	921	1007	1008	1009	1010
657	438	440	688	687	957	960	1008	1007
658	686	687	921	920	1005	1007	1010	1006
659	688	689	923	922	1008	1011	1012	1009
660	440	442	689	688	960	962	1011	1008
661	689	690	924	923	1011	1013	1014	1012
662	442	444	690	689	962	964	1013	1011
663	690	691	925	924	1013	1015	1016	1014
664	444	446	691	690	964	966	1015	1013
665	691	692	926	925	1015	1017	1018	1016
666	446	448	692	691	966	968	1017	1015
667	692	693	927	926	1017	1019	1020	1018
668	448	450	693	692	968	970	1019	1017
669	693	699	933	927	1019	1021	1022	1020
670	450	462	699	693	970	972	1021	1019
671	695	694	928	929	1023	1001	1002	1024
672	454	452	694	695	974	952	1001	1023
673	696	695	929	930	1025	1023	1024	1026
674	456	454	695	696	976	974	1023	1025
675	697	696	930	931	1027	1025	1026	1028
676	458	456	696	697	978	976	1025	1027
677	698	697	931	932	1029	1027	1028	1030
678	460	458	697	698	980	978	1027	1029
679	700	698	932	934	1031	1029	1030	1032
680	464	460	698	700	982	980	1029	1031
681	701	700	934	935	1033	1031	1032	1034
682	466	464	700	701	984	982	1031	1033
683	702	701	935	936	1035	1033	1034	1036
684	468	466	701	702	986	984	1033	1035
685	1037	1038	1039	1040	1041	1042	1043	1044
686	1045	1046	1047	1048	1049	1050	1051	1052
687	1040	1039	1053	1054	1044	1043	1055	1056
688	1057	1058	1048	1047	1059	1060	1052	1051
689	1038	1061	1062	1039	1042	1063	1064	1043
690	1065	1066	1067	1068	1069	1070	1071	1072
691	1073	1074	1075	1076	1077	1078	1079	1080
692	1081	1082	1083	1084	1085	1086	1087	1088
693	1089	1090	1091	1092	1093	1094	1095	1096
694	1097	1065	1098	1099	1100	1069	1101	1102
695	1103	1104	1105	1106	1107	1108	1109	1110
696	1111	1097	1099	1112	1113	1100	1102	1114
697	1099	1115	1116	1112	1102	1117	1118	1114
698	1119	1103	1106	1120	1121	1107	1110	1122
699	1123	1124	1125	1126	1127	1128	1129	1130
700	1131	1132	1124	1123	1133	1134	1128	1127
701	1125	1135	1136	1126	1129	1137	1138	1130
702	1136	1135	1075	1074	1138	1137	1079	1078
703	1092	1091	1139	1140	1096	1095	1141	1142
704	1140	1139	1143	1144	1142	1141	1145	1146
705	1139	1147	1148	1143	1141	1149	1150	1145
706	1058	1125	1124	1151	1060	1129	1128	1152
707	1151	1153	1154	1155	1152	1156	1157	1158
708	1153	1151	1124	1132	1156	1152	1128	1134
709	1159	1160	1151	1155	1161	1162	1152	1158
710	1053	1163	1164	1165	1055	1166	1167	1168
711	1169	1170	1171	1172	1173	1174	1175	1176
712	1177	1178	144	143	1179	1180	148	147
713	1151	1160	1048	1058	1152	1162	1052	1060
714	1160	1159	1181	1182	1162	1161	1183	1184
715	1177	1185	1038	1037	1179	1186	1042	1041
716	1181	1187	1188	1182	1183	1189	1190	1184
717	1182	1188	1191	1045	1184	1190	1192	1049
718	1193	1194	1195	1196	1197	1198	1199	1200
719	143	169	1185	1177	147	170	1186	1179
720	1185	1201	1061	1038	1186	1202	1063	1042
721	1178	1177	1037	1203	1180	1179	1041	1204
722	1196	1178	1203	1193	1200	1180	1204	1197
723	1203	1037	1040	1205	1204	1041	1044	1206
724	1054	1053	1165	1207	1056	1055	1168	1208
725	1144	1143	1194	1193	1146	1145	1198	1197
726	1196	1195	180	179	1200	1199	182	181
727	1178	1196	179	144	1180	1200	181	148
728	184	1209	1191	185	187	1210	1192	188
729	1211	1046	1209	1212	1213	1050	1210	1214
730	1135	1125	1058	1057	1137	1129	1060	1059
731	1215	1090	1089	1216	1217	1094	1093	1218
732	1219	1216	1131	1123	1220	1218	1133	1127
733	169	199	1201	1185	170	200	1202	1186
734	1221	1222	1223	1148	1224	1225	1226	1150
735	1143	1148	1223	1194	1145	1150	1226	1198
736	1227	1228	1229	1230	1231	1232	1233	1234
737	1091	1235	1147	1139	1095	1236	1149	1141
738	1237	1238	1235	1239	1240	1241	1236	1242
739	1227	1243	1215	1244	1231	1245	1217	1246
740	1075	1135	1057	1247	1079	1137	1059	1248
741	1068	229	231	1249	1072	232	234	1250
742	231	235	1251	1249	234	237	1252	1250
743	1253	1254	1103	1119	1255	1256	1107	1121
744	1257	1258	1254	1253	1259	1260	1256	1255
745	1261	1081	1084	1262	1263	1085	1088	1264
746	1262	1265	1266	1267	1264	1268	1269	1270
747	1066	1120	1271	1067	1070	1122	1272	1071
748	1273	1119	1120	1066	1274	1121	1122	1070
749	1097	1273	1066	1065	1100	1274	1070	1069
750	1275	1253	1119	1273	1276	1255	1121	1274
751	1228	1227	1244	1277	1232	1231	1246	1278
752	1279	1228	1277	1280	1281	1232	1278	1282
753	1067	269	229	1068	1071	270	232	1072
754	185	1191	1188	271	188	1192	1190	272
755	271	1188	1187	273	272	1190	1189	274
756	1076	1075	1247	1283	1080	1079	1248	1284
757	1258	1076	1283	1254	1260	1080	1284	1256
758	1271	277	269	1067	1272	278	270	1071
759	1065	1068	1249	1098	1069	1072	1250	1101
760	1098	1285	1115	1099	1101	1286	1117	1102
761	1249	1251	1285	1098	1250	1252	1286	1101
762	1287	1288	1289	1290	1291	1292	1293	1294
763	1244	1215	1216	1219	1246	1217	1218	1220
764	1277	1244	1219	1295	1278	1246	1220	1296
765	1126	1136	1297	1295	1130	1138	1298	1296
766	1280	1277	1295	1297	1282	1278	1296	1298
767	1295	1219	1123	1126	1296	1220	1127	1130
768	1209	184	293	1212	1210	187	294	1214
769	1082	1299	1300	1083	1086	1301	1302	1087
770	1299	1111	1112	1300	1301	1113	1114	1302
771	1238	1303	1147	1235	1241	1304	1149	1236
772	1303	1221	1148	1147	1304	1224	1150	1149
773	1280	1305	1306	1279	1282	1307	1308	1281
774	1228	1279	1309	1229	1232	1281	1310	1233
775	1306	1311	1309	1279	1308	1312	1310	1281
776	1039	1062	1163	1053	1043	1064	1166	1055
777	1112	1116	1313	1300	1114	1118	1314	1302
778	1084	1315	1265	1262	1088	1316	1268	1264
779	1288	1317	1318	1289	1292	1319	1320	1293
780	1317	1321	1073	1318	1319	1322	1077	1320
781	1289	1318	1258	1257	1293	1320	1260	1259
782	1318	1073	1076	1258	1320	1077	1080	1260
783	1105	1211	1212	1323	1109	1213	1214	1324
784	1212	293	321	1323	1214	294	322	1324
785	1325	1132	1131	1326	1327	1134	1133	1328
786	1329	1330	1154	1153	1331	1332	1157	1156
787	1165	1164	1330	1329	1168	1167	1332	1331
788	1325	1329	1153	1132	1327	1331	1156	1134
789	1207	1165	1329	1325	1208	1168	1331	1327
790	1193	1203	1205	1144	1197	1204	1206	1146
791	1054	1333	1205	1040	1056	1334	1206	1044
792	1216	1089	1326	1131	1218	1093	1328	1133
793	1261	1262	1267	1335	1263	1264	1270	1336
794	1261	1335	1287	1081	1263	1336	1291	1085
795	1106	1105	1323	1337	1110	1109	1324	1338
796	1120	1106	1337	1271	1122	1110	1338	1272
797	1323	321	337	1337	1324	322	338	1338
798	1337	337	277	1271	1338	338	278	1272
799	1339	1340	1321	1317	1341	1342	1322	1319
800	1222	1343	1344	1223	1225	1345	1346	1226
801	1194	1223	1344	1195	1198	1226	1346	1199
802	1254	1283	1104	1103	1256	1284	1108	1107
803	1347	1047	1046	1211	1348	1051	1050	1213
804	1104	1347	1211	1105	1108	1348	1213	1109
805	1347	1247	1057	1047	1348	1248	1059	1051
806	1283	1247	1347	1104	1284	1248	1348	1108
807	1290	1289	1257	1349	1294	1293	1259	1350
808	1082	1290	1349	1299	1086	1294	1350	1301
809	1081	1287	1290	1082	1085	1291	1294	1086
810	1172	1171	1351	1352	1176	1175	1353	1354
811	1352	1351	1311	1306	1354	1353	1312	1308
812	1092	1355	1326	1089	1096	1356	1328	1093
813	1325	1326	1355	1207	1327	1328	1356	1208
814	1144	1205	1333	1140	1146	1206	1334	1142
815	1140	1333	1355	1092	1142	1334	1356	1096
816	1207	1355	1333	1054	1208	1356	1334	1056
817	1195	1344	357	180	1199	1346	358	182
818	1343	359	357	1344	1345	360	358	1346
819	1045	1191	1209	1046	1049	1192	1210	1050
820	1182	1045	1048	1160	1184	1049	1052	1162
821	1340	1352	1306	1305	1342	1354	1308	1307
822	1267	1266	1170	1169	1270	1269	1174	1173
823	1335	1267	1169	1357	1336	1270	1173	1358
824	1321	1359	1074	1073	1322	1360	1078	1077
825	1136	1074	1359	1297	1138	1078	1360	1298
826	1280	1297	1359	1305	1282	1298	1360	1307
827	1340	1305	1359	1321	1342	1307	1360	1322
828	1335	1357	1288	1287	1336	1358	1292	1291
829	1357	1339	1317	1288	1358	1341	1319	1292
830	1299	1349	1275	1111	1301	1350	1276	1113
831	1349	1257	1253	1275	1350	1259	1255	1276
832	1111	1275	1273	1097	1113	1276	1274	1100
833	1339	1172	1352	1340	1341	1176	1354	1342
834	1357	1169	1172	1339	1358	1173	1176	1341
835	1300	1313	1361	1083	1302	1314	1362	1087
836	1083	1361	1315	1084	1087	1362	1316	1088
837	1227	1230	1363	1243	1231	1234	1364	1245
838	1243	1239	1090	1215	1245	1242	1094	1217
839	1090	1239	1235	1091	1094	1242	1236	1095
840	1363	1237	1239	1243	1364	1240	1242	1245
841	1311	1351	1365	1366	1312	1353	1367	1368
842	1309	1311	1366	1369	1310	1312	1368	1370
843	1229	1309	1369	1371	1233	1310	1370	1372
844	1230	1229	1371	1373	1234	1233	1372	1374
845	1351	1171	1375	1365	1353	1175	1376	1367
846	1171	1170	1377	1375	1175	1174	1378	1376
847	1170	1266	1379	1377	1174	1269	1380	1378
848	1315	1361	1381	1382	1316	1362	1383	1384
849	1265	1315	1382	1385	1268	1316	1384	1386
850	1266	1265	1385	1379	1269	1268	1386	1380
851	1361	1313	1387	1381	1362	1314	1388	1383
852	1313	1116	1389	1387	1314	1118	1390	1388
853	1116	1115	1391	1389	1118	1117	1392	1390
854	1115	1285	1393	1391	1117	1286	1394	1392
855	1363	1230	1373	1395	1364	1234	1374	1396
856	1237	1363	1395	1397	1240	1364	1396	1398
857	1238	1237	1397	1399	1241	1240	1398	1400
858	1303	1238	1399	1401	1304	1241	1400	1402
859	1285	1251	1403	1393	1286	1252	1404	1394
860	1251	235	409	1403	1252	237	410	1404
861	1221	1303	1401	1405	1224	1304	1402	1406
862	1222	1221	1405	1407	1225	1224	1406	1408
863	1343	1222	1407	1409	1345	1225	1408	1410
864	359	1343	1409	417	360	1345	1410	418
865	1369	1366	1411	1412	1370	1368	1413	1414
866	1366	1365	1415	1411	1368	1367	1416	1413
867	1371	1369	1412	1417	1372	1370	1414	1418
868	1365	1375	1419	1415	1367	1376	1420	1416
869	1373	1371	1417	1421	1374	1372	1418	1422
870	1375	1377	1423	1419	1376	1378	1424	1420
871	1377	1379	1425	1423	1378	1380	1426	1424
872	1385	1382	1427	1428	1386	1384	1429	1430
873	1382	1381	1431	1427	1384	1383	1432	1429
874	1379	1385	1428	1425	1380	1386	1430	1426
875	1381	1387	1433	1431	1383	1388	1434	1432
876	1387	1389	1435	1433	1388	1390	1436	1434
877	1389	1391	1437	1435	1390	1392	1438	1436
878	1391	1393	1439	1437	1392	1394	1440	1438
879	1393	1403	1441	1439	1394	1404	1442	1440
880	1395	1373	1421	1443	1396	1374	1422	1444
881	1397	1395	1443	1445	1398	1396	1444	1446
882	1399	1397	1445	1447	1400	1398	1446	1448
883	1401	1399	1447	1449	1402	1400	1448	1450
884	1405	1401	1449	1451	1406	1402	1450	1452
885	1403	409	461	1441	1404	410	462	1442
886	1407	1405	1451	1453	1408	1406	1452	1454
887	1409	1407	1453	1455	1410	1408	1454	1456
888	417	1409	1455	467	418	1410	1456	468
889	1041	1042	1043	1044	1457	1458	1459	1460
890	1049	1050	1051	1052	1461	1462	1463	1464
891	1044	1043	1055	1056	1460	1459	1465	1466
892	1059	1060	1052	1051	1467	1468	1464	1463
893	1042	1063	1064	1043	1458	1469	1470	1459
894	1069	1070	1071	1072	1471	1472	1473	1474
895	1077	1078	1079	1080	1475	1476	1477	1478
896	1085	1086	1087	1088	1479	1480	1481	1482
897	1093	1094	1095	1096	1483	1484	1485	1486
898	1100	1069	1101	1102	1487	1471	1488	1489
899	1107	1108	1109	1110	1490	1491	1492	1493
900	1113	1100	1102	1114	1494	1487	1489	1495
901	1102	1117	1118	1114	1489	1496	1497	1495
902	1121	1107	1110	1122	1498	1490	1493	1499
903	1127	1128	1129	1130	1500	1501	1502	1503
904	1133	1134	1128	1127	1504	1505	1501	1500
905	1129	1137	1138	1130	1502	1506	1507	1503
906	1138	1137	1079	1078	1507	1506	1477	1476
907	1096	1095	1141	1142	1486	1485	1508	1509
908	1142	1141	1145	1146	1509	1508	1510	1511
909	1141	1149	1150	1145	1508	1512	1513	1510
910	1060	1129	1128	1152	1468	1502	1501	1514
911	1152	1156	1157	1158	1514	1515	1516	1517
912	1156	1152	1128	1134	1515	1514	1501	1505
913	1161	1162	1152	1158	1518	1519	1514	1517
914	1055	1166	1167	1168	1465	1520	1521	1522
915	1173	1174	1175	1176	1523	1524	1525	1526
916	1179	1180	148	147	1527	1528	542	541
917	1152	1162	1052	1060	1514	1519	1464	1468
918	1162	1161	1183	1184	1519	1518	1529	1530
919	1179	1186	1042	1041	1527	1531	1458	1457
920	1183	1189	1190	1184	1529	1532	1533	1530
921	1184	1190	1192	1049	1530	1533	1534	1461
922	1197	1198	1199	1200	1535	1536	1537	1538
923	147	170	1186	1179	541	553	1531	1527
924	1186	1202	1063	1042	1531	1539	1469	1458
925	1180	1179	1041	1204	1528	1527	1457	1540
926	1200	1180	1204	1197	1538	1528	1540	1535
927	1204	1041	1044	1206	1540	1457	1460	1541
928	1056	1055	1168	1208	1466	1465	1522	1542
929	1146	1145	1198	1197	1511	1510	1536	1535
930	1200	1199	182	181	1538	1537	559	558
931	1180	1200	181	148	1528	1538	558	542
932	187	1210	1192	188	561	1543	1534	562
933	1213	1050	1210	1214	1544	1462	1543	1545
934	1137	1129	1060	1059	1506	1502	1468	1467
935	1217	1094	1093	1218	1546	1484	1483	1547
936	1220	1218	1133	1127	1548	1547	1504	1500
937	170	200	1202	1186	553	568	1539	1531
938	1224	1225	1226	1150	1549	1550	1551	1513
939	1145	1150	1226	1198	1510	1513	1551	1536
940	1231	1232	1233	1234	1552	1553	1554	1555
941	1095	1236	1149	1141	1485	1556	1512	1508
942	1240	1241	1236	1242	1557	1558	1556	1559
943	1231	1245	1217	1246	1552	1560	1546	1561
944	1079	1137	1059	1248	1477	1506	1467	1562
945	1072	232	234	1250	1474	583	585	1563
946	234	237	1252	1250	585	586	1564	1563
947	1255	1256	1107	1121	1565	1566	1490	1498
948	1259	1260	1256	1255	1567	1568	1566	1565
949	1263	1085	1088	1264	1569	1479	1482	1570
950	1264	1268	1269	1270	1570	1571	1572	1573
951	1070	1122	1272	1071	1472	1499	1574	1473
952	1274	1121	1122	1070	1575	1498	1499	1472
953	1100	1274	1070	1069	1487	1575	1472	1471
954	1276	1255	1121	1274	1576	1565	1498	1575
955	1232	1231	1246	1278	1553	1552	1561	1577
956	1281	1232	1278	1282	1578	1553	1577	1579
957	1071	270	232	1072	1473	603	583	1474
958	188	1192	1190	272	562	1534	1533	604
959	272	1190	1189	274	604	1533	1532	605
960	1080	1079	1248	1284	1478	1477	1562	1580
961	1260	1080	1284	1256	1568	1478	1580	1566
962	1272	278	270	1071	1574	607	603	1473
963	1069	1072	1250	1101	1471	1474	1563	1488
964	1101	1286	1117	1102	1488	1581	1496	1489
965	1250	1252	1286	1101	1563	1564	1581	1488
966	1291	1292	1293	1294	1582	1583	1584	1585
967	1246	1217	1218	1220	1561	1546	1547	1548
968	1278	1246	1220	1296	1577	1561	1548	1586
969	1130	1138	1298	1296	1503	1507	1587	1586
970	1282	1278	1296	1298	1579	1577	1586	1587
971	1296	1220	1127	1130	1586	1548	1500	1503
972	1210	187	294	1214	1543	561	615	1545
973	1086	1301	1302	1087	1480	1588	1589	1481
974	1301	1113	1114	1302	1588	1494	1495	1589
975	1241	1304	1149	1236	1558	1590	1512	1556
976	1304	1224	1150	1149	1590	1549	1513	1512
977	1282	1307	1308	1281	1579	1591	1592	1578
978	1232	1281	1310	1233	1553	1578	1593	1554
979	1308	1312	1310	1281	1592	1594	1593	1578
980	1043	1064	1166	1055	1459	1470	1520	1465
981	1114	1118	1314	1302	1495	1497	1595	1589
982	1088	1316	1268	1264	1482	1596	1571	1570
983	1292	1319	1320	1293	1583	1597	1598	1584
984	1319	1322	1077	1320	1597	1599	1475	1598
985	1293	1320	1260	1259	1584	1598	1568	1567
986	1320	1077	1080	1260	1598	1475	1478	1568
987	1109	1213	1214	1324	1492	1544	1545	1600
988	1214	294	322	1324	1545	615	629	1600
989	1327	1134	1133	1328	1601	1505	1504	1602
990	1331	1332	1157	1156	1603	1604	1516	1515
991	1168	1167	1332	1331	1522	1521	1604	1603
992	1327	1331	1156	1134	1601	1603	1515	1505
993	1208	1168	1331	1327	1542	1522	1603	1601
994	1197	1204	1206	1146	1535	1540	1541	1511
995	1056	1334	1206	1044	1466	1605	1541	1460
996	1218	1093	1328	1133	1547	1483	1602	1504
997	1263	1264	1270	1336	1569	1570	1573	1606
998	1263	1336	1291	1085	1569	1606	1582	1479
999	1110	1109	1324	1338	1493	1492	1600	1607
1000	1122	1110	1338	1272	1499	1493	1607	1574
1001	1324	322	338	1338	1600	629	637	1607
1002	1338	338	278	1272	1607	637	607	1574
1003	1341	1342	1322	1319	1608	1609	1599	1597
1004	1225	1345	1346	1226	1550	1610	1611	1551
1005	1198	1226	1346	1199	1536	1551	1611	1537
1006	1256	1284	1108	1107	1566	1580	1491	1490
1007	1348	1051	1050	1213	1612	1463	1462	1544
1008	1108	1348	1213	1109	1491	1612	1544	1492
1009	1348	1248	1059	1051	1612	1562	1467	1463
1010	1284	1248	1348	1108	1580	1562	1612	1491
1011	1294	1293	1259	1350	1585	1584	1567	1613
1012	1086	1294	1350	1301	1480	1585	1613	1588
1013	1085	1291	1294	1086	1479	1582	1585	1480
1014	1176	1175	1353	1354	1526	1525	1614	1615
1015	1354	1353	1312	1308	1615	1614	1594	1592
1016	1096	1356	1328	1093	1486	1616	1602	1483
1017	1327	1328	1356	1208	1601	1602	1616	1542
1018	1146	1206	1334	1142	1511	1541	1605	1509
1019	1142	1334	1356	1096	1509	1605	1616	1486
1020	1208	1356	1334	1056	1542	1616	1605	1466
1021	1199	1346	358	182	1537	1611	647	559
1022	1345	360	358	1346	1610	648	647	1611
1023	1049	1192	1210	1050	1461	1534	1543	1462
1024	1184	1049	1052	1162	1530	1461	1464	1519
1025	1342	1354	1308	1307	1609	1615	1592	1591
1026	1270	1269	1174	1173	1573	1572	1524	1523
1027	1336	1270	1173	1358	1606	1573	1523	1617
1028	1322	1360	1078	1077	1599	1618	1476	1475
1029	1138	1078	1360	1298	1507	1476	1618	1587
1030	1282	1298	1360	1307	1579	1587	1618	1591
1031	1342	1307	1360	1322	1609	1591	1618	1599
1032	1336	1358	1292	1291	1606	1617	1583	1582
1033	1358	1341	1319	1292	1617	1608	1597	1583
1034	1301	1350	1276	1113	1588	1613	1576	1494
1035	1350	1259	1255	1276	1613	1567	1565	1576
1036	1113	1276	1274	1100	1494	1576	1575	1487
1037	1341	1176	1354	1342	1608	1526	1615	1609
1038	1358	1173	1176	1341	1617	1523	1526	1608
1039	1302	1314	1362	1087	1589	1595	1619	1481
1040	1087	1362	1316	1088	1481	1619	1596	1482
1041	1231	1234	1364	1245	1552	1555	1620	1560
1042	1245	1242	1094	1217	1560	1559	1484	1546
1043	1094	1242	1236	1095	1484	1559	1556	1485
1044	1364	1240	1242	1245	1620	1557	1559	1560
1045	1312	1353	1367	1368	1594	1614	1621	1622
1046	1310	1312	1368	1370	1593	1594	1622	1623
1047	1233	1310	1370	1372	1554	1593	1623	1624
1048	1234	1233	1372	1374	1555	1554	1624	1625
1049	1353	1175	1376	1367	1614	1525	1626	1621
1050	1175	1174	1378	1376	1525	1524	1627	1626
1051	1174	1269	1380	1378	1524	1572	1628	1627
1052	1316	1362	1383	1384	1596	1619	1629	1630
1053	1268	1316	1384	1386	1571	1596	1630	1631
1054	1269	1268	1386	1380	1572	1571	1631	1628
1055	1362	1314	1388	1383	1619	1595	1632	1629
1056	1314	1118	1390	1388	1595	1497	1633	1632
1057	1118	1117	1392	1390	1497	1496	1634	1633
1058	1117	1286	1394	1392	1496	1581	1635	1634
1059	1364	1234	1374	1396	1620	1555	1625	1636
1060	1240	1364	1396	1398	1557	1620	1636	1637
1061	1241	1240	1398	1400	1558	1557	1637	1638
1062	1304	1241	1400	1402	1590	1558	1638	1639
1063	1286	1252	1404	1394	1581	1564	1640	1635
1064	1252	237	410	1404	1564	586	673	1640
1065	1224	1304	1402	1406	1549	1590	1639	1641
1066	1225	1224	1406	1408	1550	1549	1641	1642
1067	1345	1225	1408	1410	1610	1550	1642	1643
1068	360	1345	1410	418	648	1610	1643	677
1069	1370	1368	1413	1414	1623	1622	1644	1645
1070	1368	1367	1416	1413	1622	1621	1646	1644
1071	1372	1370	1414	1418	1624	1623	1645	1647
1072	1367	1376	1420	1416	1621	1626	1648	1646
1073	1374	1372	1418	1422	1625	1624	1647	1649
1074	1376	1378	1424	1420	1626	1627	1650	1648
1075	1378	1380	1426	1424	1627	1628	1651	1650
1076	1386	1384	1429	1430	1631	1630	1652	1653
1077	1384	1383	1432	1429	1630	1629	1654	1652
1078	1380	1386	1430	1426	1628	1631	1653	1651
1079	1383	1388	1434	1432	1629	1632	1655	1654
1080	1388	1390	1436	1434	1632	1633	1656	1655
1081	1390	1392	1438	1436	1633	1634	1657	1656
1082	1392	1394	1440	1438	1634	1635	1658	1657
1083	1394	1404	1442	1440	1635	1640	1659	1658
1084	1396	1374	1422	1444	1636	1625	1649	1660
1085	1398	1396	1444	1446	1637	1636	1660	1661
1086	1400	1398	1446	1448	1638	1637	1661	1662
1087	1402	1400	1448	1450	1639	1638	1662	1663
1088	1406	1402	1450	1452	1641	1639	1663	1664
1089	1404	410	462	1442	1640	673	699	1659
1090	1408	1406	1452	1454	1642	1641	1664	1665
1091	1410	1408	1454	1456	1643	1642	1665	1666
1092	418	1410	1456	468	677	1643	1666	702
1093	1457	1458	1459	1460	1667	1668	1669	1670
1094	1461	1462	1463	1464	1671	1672	1673	1674
1095	1460	1459	1465	1466	1670	1669	1675	1676
1096	1467	1468	1464	1463	1677	1678	1674	1673
1097	1458	1469	1470	1459	1668	1679	1680	1669
1098	1471	1472	1473	1474	1681	1682	1683	1684
1099	1475	1476	1477	1478	1685	1686	1687	1688
1100	1479	1480	1481	1482	1689	1690	1691	1692
1101	1483	1484	1485	1486	1693	1694	1695	1696
1102	1487	1471	1488	1489	1697	1681	1698	1699
1103	1490	1491	1492	1493	1700	1701	1702	1703
1104	1494	1487	1489	1495	1704	1697	1699	1705
1105	1489	1496	1497	1495	1699	1706	1707	1705
1106	1498	1490	1493	1499	1708	1700	1703	1709
1107	1500	1501	1502	1503	1710	1711	1712	1713
1108	1504	1505	1501	1500	1714	1715	1711	1710
1109	1502	1506	1507	1503	1712	1716	1717	1713
1110	1507	1506	1477	1476	1717	1716	1687	1686
1111	1486	1485	1508	1509	1696	1695	1718	1719
1112	1509	1508	1510	1511	1719	1718	1720	1721
1113	1508	1512	1513	1510	1718	1722	1723	1720
1114	1468	1502	1501	1514	1678	1712	1711	1724
1115	1514	1515	1516	1517	1724	1725	1726	1727
1116	1515	1514	1501	1505	1725	1724	1711	1715
1117	1518	1519	1514	1517	1728	1729	1724	1727
1118	1465	1520	1521	1522	1675	1730	1731	1732
1119	1523	1524	1525	1526	1733	1734	1735	1736
1120	1527	1528	542	541	1737	1738	776	775
1121	1514	1519	1464	1468	1724	1729	1674	1678
1122	1519	1518	1529	1530	1729	1728	1739	1740
1123	1527	1531	1458	1457	1737	1741	1668	1667
1124	1529	1532	1533	1530	1739	1742	1743	1740
1125	1530	1533	1534	1461	1740	1743	1744	1671
1126	1535	1536	1537	1538	1745	1746	1747	1748
1127	541	553	1531	1527	775	787	1741	1737
1128	1531	1539	1469	1458	1741	1749	1679	1668
1129	1528	1527	1457	1540	1738	1737	1667	1750
1130	1538	1528	1540	1535	1748	1738	1750	1745
1131	1540	1457	1460	1541	1750	1667	1670	1751
1132	1466	1465	1522	1542	1676	1675	1732	1752
1133	1511	1510	1536	1535	1721	1720	1746	1745
1134	1538	1537	559	558	1748	1747	793	792
1135	1528	1538	558	542	1738	1748	792	776
1136	561	1543	1534	562	795	1753	1744	796
1137	1544	1462	1543	1545	1754	1672	1753	1755
1138	1506	1502	1468	1467	1716	1712	1678	1677
1139	1546	1484	1483	1547	1756	1694	1693	1757
1140	1548	1547	1504	1500	1758	1757	1714	1710
1141	553	568	1539	1531	787	802	1749	1741
1142	1549	1550	1551	1513	1759	1760	1761	1723
1143	1510	1513	1551	1536	1720	1723	1761	1746
1144	1552	1553	1554	1555	1762	1763	1764	1765
1145	1485	1556	1512	1508	1695	1766	1722	1718
1146	1557	1558	1556	1559	1767	1768	1766	1769
1147	1552	1560	1546	1561	1762	1770	1756	1771
1148	1477	1506	1467	1562	1687	1716	1677	1772
1149	1474	583	585	1563	1684	817	819	1773
1150	585	586	1564	1563	819	820	1774	1773
1151	1565	1566	1490	1498	1775	1776	1700	1708
1152	1567	1568	1566	1565	1777	1778	1776	1775
1153	1569	1479	1482	1570	1779	1689	1692	1780
1154	1570	1571	1572	1573	1780	1781	1782	1783
1155	1472	1499	1574	1473	1682	1709	1784	1683
1156	1575	1498	1499	1472	1785	1708	1709	1682
1157	1487	1575	1472	1471	1697	1785	1682	1681
1158	1576	1565	1498	1575	1786	1775	1708	1785
1159	1553	1552	1561	1577	1763	1762	1771	1787
1160	1578	1553	1577	1579	1788	1763	1787	1789
1161	1473	603	583	1474	1683	837	817	1684
1162	562	1534	1533	604	796	1744	1743	838
1163	604	1533	1532	605	838	1743	1742	839
1164	1478	1477	1562	1580	1688	1687	1772	1790
1165	1568	1478	1580	1566	1778	1688	1790	1776
1166	1574	607	603	1473	1784	841	837	1683
1167	1471	1474	1563	1488	1681	1684	1773	1698
1168	1488	1581	1496	1489	1698	1791	1706	1699
1169	1563	1564	1581	1488	1773	1774	1791	1698
1170	1582	1583	1584	1585	1792	1793	1794	1795
1171	1561	1546	1547	1548	1771	1756	1757	1758
1172	1577	1561	1548	1586	1787	1771	1758	1796
1173	1503	1507	1587	1586	1713	1717	1797	1796
1174	1579	1577	1586	1587	1789	1787	1796	1797
1175	1586	1548	1500	1503	1796	1758	1710	1713
1176	1543	561	615	1545	1753	795	849	1755
1177	1480	1588	1589	1481	1690	1798	1799	1691
1178	1588	1494	1495	1589	1798	1704	1705	1799
1179	1558	1590	1512	1556	1768	1800	1722	1766
1180	1590	1549	1513	1512	1800	1759	1723	1722
1181	1579	1591	1592	1578	1789	1801	1802	1788
1182	1553	1578	1593	1554	1763	1788	1803	1764
1183	1592	1594	1593	1578	1802	1804	1803	1788
1184	1459	1470	1520	1465	1669	1680	1730	1675
1185	1495	1497	1595	1589	1705	1707	1805	1799
1186	1482	1596	1571	1570	1692	1806	1781	1780
1187	1583	1597	1598	1584	1793	1807	1808	1794
1188	1597	1599	1475	1598	1807	1809	1685	1808
1189	1584	1598	1568	1567	1794	1808	1778	1777
1190	1598	1475	1478	1568	1808	1685	1688	1778
1191	1492	1544	1545	1600	1702	1754	1755	1810
1192	1545	615	629	1600	1755	849	863	1810
1193	1601	1505	1504	1602	1811	1715	1714	1812
1194	1603	1604	1516	1515	1813	1814	1726	1725
1195	1522	1521	1604	1603	1732	1731	1814	1813
1196	1601	1603	1515	1505	1811	1813	1725	1715
1197	1542	1522	1603	1601	1752	1732	1813	1811
1198	1535	1540	1541	1511	1745	1750	1751	1721
1199	1466	1605	1541	1460	1676	1815	1751	1670
1200	1547	1483	1602	1504	1757	1693	1812	1714
1201	1569	1570	1573	1606	1779	1780	1783	1816
1202	1569	1606	1582	1479	1779	1816	1792	1689
1203	1493	1492	1600	1607	1703	1702	1810	1817
1204	1499	1493	1607	1574	1709	1703	1817	1784
1205	1600	629	637	1607	1810	863	871	1817
1206	1607	637	607	1574	1817	871	841	1784
1207	1608	1609	1599	1597	1818	1819	1809	1807
1208	1550	1610	1611	1551	1760	1820	1821	1761
1209	1536	1551	1611	1537	1746	1761	1821	1747
1210	1566	1580	1491	1490	1776	1790	1701	1700
1211	1612	1463	1462	1544	1822	1673	1672	1754
1212	1491	1612	1544	1492	1701	1822	1754	1702
1213	1612	1562	1467	1463	1822	1772	1677	1673
1214	1580	1562	1612	1491	1790	1772	1822	1701
1215	1585	1584	1567	1613	1795	1794	1777	1823
1216	1480	1585	1613	1588	1690	1795	1823	1798
1217	1479	1582	1585	1480	1689	1792	1795	1690
1218	1526	1525	1614	1615	1736	1735	1824	1825
1219	1615	1614	1594	1592	1825	1824	1804	1802
1220	1486	1616	1602	1483	1696	1826	1812	1693
1221	1601	1602	1616	1542	1811	1812	1826	1752
1222	1511	1541	1605	1509	1721	1751	1815	1719
1223	1509	1605	1616	1486	1719	1815	1826	1696
1224	1542	1616	1605	1466	1752	1826	1815	1676
1225	1537	1611	647	559	1747	1821	881	793
1226	1610	648	647	1611	1820	882	881	1821
1227	1461	1534	1543	1462	1671	1744	1753	1672
1228	1530	1461	1464	1519	1740	1671	1674	1729
1229	1609	1615	1592	1591	1819	1825	1802	1801
1230	1573	1572	1524	1523	1783	1782	1734	1733
1231	1606	1573	1523	1617	1816	1783	1733	1827
1232	1599	1618	1476	1475	1809	1828	1686	1685
1233	1507	1476	1618	1587	1717	1686	1828	1797
1234	1579	1587	1618	1591	1789	1797	1828	1801
1235	1609	1591	1618	1599	1819	1801	1828	1809
1236	1606	1617	1583	1582	1816	1827	1793	1792
1237	1617	1608	1597	1583	1827	1818	1807	1793
1238	1588	1613	1576	1494	1798	1823	1786	1704
1239	1613	1567	1565	1576	1823	1777	1775	1786
1240	1494	1576	1575	1487	1704	1786	1785	1697
1241	1608	1526	1615	1609	1818	1736	1825	1819
1242	1617	1523	1526	1608	1827	1733	1736	1818
1243	1589	1595	1619	1481	1799	1805	1829	1691
1244	1481	1619	1596	1482	1691	1829	1806	1692
1245	1552	1555	1620	1560	1762	1765	1830	1770
1246	1560	1559	1484	1546	1770	1769	1694	1756
1247	1484	1559	1556	1485	1694	1769	1766	1695
1248	1620	1557	1559	1560	1830	1767	1769	1770
1249	1594	1614	1621	1622	1804	1824	1831	1832
1250	1593	1594	1622	1623	1803	1804	1832	1833
1251	1554	1593	1623	1624	1764	1803	1833	1834
1252	1555	1554	1624	1625	1765	1764	1834	1835
1253	1614	1525	1626	1621	1824	1735	1836	1831
1254	1525	1524	1627	1626	1735	1734	1837	1836
1255	1524	1572	1628	1627	1734	1782	1838	1837
1256	1596	1619	1629	1630	1806	1829	1839	1840
1257	1571	1596	1630	1631	1781	1806	1840	1841
1258	1572	1571	1631	1628	1782	1781	1841	1838
1259	1619	1595	1632	1629	1829	1805	1842	1839
1260	1595	1497	1633	1632	1805	1707	1843	1842
1261	1497	1496	1634	1633	1707	1706	1844	1843
1262	1496	1581	1635	1634	1706	1791	1845	1844
1263	1620	1555	1625	1636	1830	1765	1835	1846
1264	1557	1620	1636	1637	1767	1830	1846	1847
1265	1558	1557	1637	1638	1768	1767	1847	1848
1266	1590	1558	1638	1639	1800	1768	1848	1849
1267	1581	1564	1640	1635	1791	1774	1850	1845
1268	1564	586	673	1640	1774	820	907	1850
1269	1549	1590	1639	1641	1759	1800	1849	1851
1270	1550	1549	1641	1642	1760	1759	1851	1852
1271	1610	1550	1642	1643	1820	1760	1852	1853
1272	648	1610	1643	677	882	1820	1853	911
1273	1623	1622	1644	1645	1833	1832	1854	1855
1274	1622	1621	1646	1644	1832	1831	1856	1854
1275	1624	1623	1645	1647	1834	1833	1855	1857
1276	1621	1626	1648	1646	1831	1836	1858	1856
1277	1625	1624	1647	1649	1835	1834	1857	1859
1278	1626	1627	1650	1648	1836	1837	1860	1858
1279	1627	1628	1651	1650	1837	1838	1861	1860
1280	1631	1630	1652	1653	1841	1840	1862	1863
1281	1630	1629	1654	1652	1840	1839	1864	1862
1282	1628	1631	1653	1651	1838	1841	1863	1861
1283	1629	1632	1655	1654	1839	1842	1865	1864
1284	1632	1633	1656	1655	1842	1843	1866	1865
1285	1633	1634	1657	1656	1843	1844	1867	1866
1286	1634	1635	1658	1657	1844	1845	1868	1867
1287	1635	1640	1659	1658	1845	1850	1869	1868
1288	1636	1625	1649	1660	1846	1835	1859	1870
1289	1637	1636	1660	1661	1847	1846	1870	1871
1290	1638	1637	1661	1662	1848	1847	1871	1872
1291	1639	1638	1662	1663	1849	1848	1872	1873
1292	1641	1639	1663	1664	1851	1849	1873	1874
1293	1640	673	699	1659	1850	907	933	1869
1294	1642	1641	1664	1665	1852	1851	1874	1875
1295	1643	1642	1665	1666	1853	1852	1875	1876
1296	677	1643	1666	702	911	1853	1876	936
1297	1411	1412	1414	1413	1877	1878	1879	1880
1298	1415	1411	1413	1416	1881	1877	1880	1882
1299	1412	1417	1418	1414	1878	1883	1884	1879
1300	1419	1415	1416	1420	1885	1881	1882	1886
1301	1417	1421	1422	1418	1883	1887	1888	1884
1302	1423	1419	1420	1424	1889	1885	1886	1890
1303	1421	1443	1444	1422	1887	1891	1892	1888
1304	1425	1423	1424	1426	1893	1889	1890	1894
1305	1427	1428	1430	1429	1895	1896	1897	1898
1306	1431	1427	1429	1432	1899	1895	1898	1900
1307	1428	1425	1426	1430	1896	1893	1894	1897
1308	1433	1431	1432	1434	1901	1899	1900	1902
1309	1435	1433	1434	1436	1903	1901	1902	1904
1310	1437	1435	1436	1438	1905	1903	1904	1906
1311	1439	1437	1438	1440	1907	1905	1906	1908
1312	1441	1439	1440	1442	1909	1907	1908	1910
1313	461	1441	1442	462	971	1909	1910	972
1314	1443	1445	1446	1444	1891	1911	1912	1892
1315	1445	1447	1448	1446	1911	1913	1914	1912
1316	1447	1449	1450	1448	1913	1915	1916	1914
1317	1449	1451	1452	1450	1915	1917	1918	1916
1318	1451	1453	1454	1452	1917	1919	1920	1918
1319	1453	1455	1456	1454	1919	1921	1922	1920
1320	1455	467	468	1456	1921	985	986	1922
1321	1644	1645	1855	1854	1923	1924	1925	1926
1322	1413	1414	1645	1644	1880	1879	1924	1923
1323	1646	1644	1854	1856	1927	1923	1926	1928
1324	1416	1413	1644	1646	1882	1880	1923	1927
1325	1645	1647	1857	1855	1924	1929	1930	1925
1326	1414	1418	1647	1645	1879	1884	1929	1924
1327	1648	1646	1856	1858	1931	1927	1928	1932
1328	1420	1416	1646	1648	1886	1882	1927	1931
1329	1647	1649	1859	1857	1929	1933	1934	1930
1330	1418	1422	1649	1647	1884	1888	1933	1929
1331	1650	1648	1858	1860	1935	1931	1932	1936
1332	1424	1420	1648	1650	1890	1886	1931	1935
1333	1649	1660	1870	1859	1933	1937	1938	1934
1334	1422	1444	1660	1649	1888	1892	1937	1933
1335	1651	1650	1860	1861	1939	1935	1936	1940
1336	1426	1424	1650	1651	1894	1890	1935	1939
1337	1653	1651	1861	1863	1941	1939	1940	1942
1338	1430	1426	1651	1653	1897	1894	1939	1941
1339	1429	1430	1653	1652	1898	1897	1941	1943
1340	1654	1652	1862	1864	1944	1943	1945	1946
1341	1432	1429	1652	1654	1900	1898	1943	1944
1342	1652	1653	1863	1862	1943	1941	1942	1945
1343	1655	1654	1864	1865	1947	1944	1946	1948
1344	1434	1432	1654	1655	1902	1900	1944	1947
1345	1656	1655	1865	1866	1949	1947	1948	1950
1346	1436	1434	1655	1656	1904	1902	1947	1949
1347	1657	1656	1866	1867	1951	1949	1950	1952
1348	1438	1436	1656	1657	1906	1904	1949	1951
1349	1658	1657	1867	1868	1953	1951	1952	1954
1350	1440	1438	1657	1658	1908	1906	1951	1953
1351	1659	1658	1868	1869	1955	1953	1954	1956
1352	1442	1440	1658	1659	1910	1908	1953	1955
1353	699	1659	1869	933	1021	1955	1956	1022
1354	462	1442	1659	699	972	1910	1955	1021
1355	1660	1661	1871	1870	1937	1957	1958	1938
1356	1444	1446	1661	1660	1892	1912	1957	1937
1357	1661	1662	1872	1871	1957	1959	1960	1958
1358	1446	1448	1662	1661	1912	1914	1959	1957
1359	1662	1663	1873	1872	1959	1961	1962	1960
1360	1448	1450	1663	1662	1914	1916	1961	1959
1361	1663	1664	1874	1873	1961	1963	1964	1962
1362	1450	1452	1664	1663	1916	1918	1963	1961
1363	1664	1665	1875	1874	1963	1965	1966	1964
1364	1452	1454	1665	1664	1918	1920	1965	1963
1365	1665	1666	1876	1875	1965	1967	1968	1966
1366	1454	1456	1666	1665	1920	1922	1967	1965
1367	1666	702	936	1876	1967	1035	1036	1968
1368	1456	468	702	1666	1922	986	1035	1967
