1	1	2	3	4	5	6	7	8
2	9	1	4	10	11	5	8	12
3	13	9	10	14	15	11	12	16
4	17	13	14	18	19	15	16	20
5	21	22	23	24	25	26	27	28
6	22	29	30	31	26	32	33	34
7	35	36	37	38	39	40	41	42
8	43	36	35	44	45	40	39	46
9	47	48	35	38	49	50	39	42
10	51	43	44	52	53	45	46	54
11	3	51	52	55	7	53	54	56
12	4	3	55	57	8	7	56	58
13	10	4	57	59	12	8	58	60
14	14	10	59	61	16	12	60	62
15	18	14	61	63	20	16	62	64
16	22	31	65	23	26	34	66	27
17	31	30	67	68	34	33	69	70
18	71	72	47	73	74	75	49	76
19	77	78	72	71	79	80	75	74
20	68	67	81	82	70	69	83	84
21	31	68	85	65	34	70	86	66
22	87	78	77	88	89	80	79	90
23	87	88	91	92	89	90	93	94
24	92	91	95	96	94	93	97	98
25	68	82	99	85	70	84	100	86
26	101	102	103	104	105	106	107	108
27	109	101	104	110	111	105	108	112
28	110	104	113	114	112	108	115	116
29	96	95	117	118	98	97	119	120
30	118	117	121	122	120	119	123	124
31	122	121	125	126	124	123	127	128
32	126	125	129	130	128	127	131	132
33	133	134	135	136	137	138	139	140
34	103	141	142	143	107	144	145	146
35	104	103	143	113	108	107	146	115
36	134	147	148	135	138	149	150	139
37	82	81	151	152	84	83	153	154
38	82	152	155	99	84	154	156	100
39	81	157	158	151	83	159	160	153
40	157	161	162	158	159	163	164	160
41	161	17	165	162	163	19	166	164
42	17	18	167	165	19	20	168	166
43	47	38	169	73	49	42	170	76
44	63	171	172	173	64	174	175	176
45	63	61	177	171	64	62	178	174
46	147	172	171	148	149	175	174	150
47	130	129	179	180	132	131	181	182
48	57	55	183	184	58	56	185	186
49	184	183	187	188	186	185	189	190
50	191	59	57	184	192	60	58	186
51	193	194	118	122	195	196	120	124
52	197	193	122	126	198	195	124	128
53	199	200	194	193	201	202	196	195
54	191	184	188	203	192	186	190	204
55	61	59	191	177	62	60	192	178
56	188	205	206	203	190	207	208	204
57	209	78	87	210	211	80	89	212
58	213	72	78	209	214	75	80	211
59	48	47	72	213	50	49	75	214
60	35	48	215	44	39	50	216	46
61	217	205	218	219	220	207	221	222
62	217	223	206	205	220	224	208	207
63	225	209	210	226	227	211	212	228
64	229	213	209	225	230	214	211	227
65	215	48	213	229	216	50	214	230
66	215	231	52	44	216	232	54	46
67	229	233	231	215	230	234	232	216
68	52	231	183	55	54	232	185	56
69	233	187	183	231	234	189	185	232
70	235	225	226	236	237	227	228	238
71	233	229	225	235	234	230	227	237
72	205	188	187	239	207	190	189	240
73	233	235	239	187	234	237	240	189
74	241	218	205	239	242	221	207	240
75	235	236	241	239	237	238	242	240
76	243	244	136	135	245	246	140	139
77	243	206	223	244	245	208	224	246
78	247	243	135	148	248	245	139	150
79	241	249	250	218	242	251	252	221
80	218	250	253	219	221	252	254	222
81	200	255	256	194	202	257	258	196
82	194	256	96	118	196	258	98	120
83	255	259	260	256	257	261	262	258
84	236	226	259	263	238	228	261	264
85	210	87	92	260	212	89	94	262
86	256	260	92	96	258	262	94	98
87	226	210	260	259	228	212	262	261
88	200	199	265	266	202	201	267	268
89	255	200	266	269	257	202	268	270
90	259	255	269	263	261	257	270	264
91	263	249	241	236	264	251	242	238
92	271	272	269	266	273	274	270	268
93	275	271	266	265	276	273	268	267
94	272	249	263	269	274	251	264	270
95	249	272	277	250	251	274	278	252
96	279	280	130	180	281	282	132	182
97	283	284	280	279	285	286	282	281
98	284	287	197	280	286	288	198	282
99	199	287	289	265	201	288	290	267
100	280	197	126	130	282	198	128	132
101	287	199	193	197	288	201	195	198
102	275	291	292	293	276	294	295	296
103	291	297	298	292	294	299	300	295
104	301	302	284	283	303	304	286	285
105	287	284	302	289	288	286	304	290
106	305	297	302	301	306	299	304	303
107	271	275	293	307	273	276	296	308
108	272	271	307	277	274	273	308	278
109	250	277	309	253	252	278	310	254
110	265	289	291	275	267	290	294	276
111	289	302	297	291	290	304	299	294
112	297	305	311	298	299	306	312	300
113	292	298	313	314	295	300	315	316
114	293	292	314	317	296	295	316	318
115	307	293	317	319	308	296	318	320
116	177	247	148	171	178	248	150	174
117	203	247	177	191	204	248	178	192
118	206	243	247	203	208	245	248	204
119	277	307	319	309	278	308	320	310
120	38	37	321	169	42	41	322	170
121	37	110	114	321	41	112	116	322
122	18	63	173	167	20	64	176	168
123	298	311	323	313	300	312	324	315
124	325	326	102	327	328	329	106	330
125	331	325	327	332	333	328	330	334
126	335	331	332	336	337	333	334	338
127	29	335	336	339	32	337	338	340
128	30	29	339	341	33	32	340	342
129	67	30	341	343	69	33	342	344
130	81	67	343	157	83	69	344	159
131	345	325	331	346	347	328	333	348
132	141	326	325	345	144	329	328	347
133	141	345	349	142	144	347	350	145
134	102	326	141	103	106	329	144	107
135	327	102	101	351	330	106	105	352
136	332	327	351	353	334	330	352	354
137	336	332	353	355	338	334	354	356
138	339	336	355	357	340	338	356	358
139	341	339	357	359	342	340	358	360
140	343	341	359	361	344	342	360	362
141	157	343	361	161	159	344	362	163
142	345	346	363	349	347	348	364	350
143	346	331	335	21	348	333	337	25
144	351	101	109	365	352	105	111	366
145	353	351	365	367	354	352	366	368
146	355	353	367	2	356	354	368	6
147	357	355	2	1	358	356	6	5
148	359	357	1	9	360	358	5	11
149	361	359	9	13	362	360	11	15
150	73	169	369	370	76	170	371	372
151	169	321	373	369	170	322	374	371
152	161	361	13	17	163	362	15	19
153	71	73	370	375	74	76	372	376
154	321	114	377	373	322	116	378	374
155	77	71	375	379	79	74	376	380
156	114	113	381	377	116	115	382	378
157	113	143	383	381	115	146	384	382
158	142	349	385	386	145	350	387	388
159	349	363	389	385	350	364	390	387
160	143	142	386	383	146	145	388	384
161	346	21	24	363	348	25	28	364
162	363	24	391	389	364	28	392	390
163	24	23	393	391	28	27	394	392
164	21	335	29	22	25	337	32	26
165	23	65	395	393	27	66	396	394
166	65	85	397	395	66	86	398	396
167	85	99	399	397	86	100	400	398
168	88	77	379	401	90	79	380	402
169	91	88	401	403	93	90	402	404
170	95	91	403	405	97	93	404	406
171	117	95	405	407	119	97	406	408
172	121	117	407	409	123	119	408	410
173	99	155	411	399	100	156	412	400
174	125	121	409	413	127	123	410	414
175	129	125	413	415	131	127	414	416
176	36	109	110	37	40	111	112	41
177	179	129	415	417	181	131	416	418
178	370	369	419	420	372	371	421	422
179	365	109	36	43	366	111	40	45
180	369	373	423	419	371	374	424	421
181	375	370	420	425	376	372	422	426
182	373	377	427	423	374	378	428	424
183	379	375	425	429	380	376	426	430
184	377	381	431	427	378	382	432	428
185	381	383	433	431	382	384	434	432
186	386	385	435	436	388	387	437	438
187	385	389	439	435	387	390	440	437
188	383	386	436	433	384	388	438	434
189	389	391	441	439	390	392	442	440
190	391	393	443	441	392	394	444	442
191	393	395	445	443	394	396	446	444
192	395	397	447	445	396	398	448	446
193	397	399	449	447	398	400	450	448
194	401	379	429	451	402	380	430	452
195	403	401	451	453	404	402	452	454
196	405	403	453	455	406	404	454	456
197	407	405	455	457	408	406	456	458
198	409	407	457	459	410	408	458	460
199	399	411	461	449	400	412	462	450
200	413	409	459	463	414	410	460	464
201	415	413	463	465	416	414	464	466
202	417	415	465	467	418	416	466	468
203	367	365	43	51	368	366	45	53
204	2	367	51	3	6	368	53	7
205	5	6	7	8	469	470	471	472
206	11	5	8	12	473	469	472	474
207	15	11	12	16	475	473	474	476
208	19	15	16	20	477	475	476	478
209	25	26	27	28	479	480	481	482
210	26	32	33	34	480	483	484	485
211	39	40	41	42	486	487	488	489
212	45	40	39	46	490	487	486	491
213	49	50	39	42	492	493	486	489
214	53	45	46	54	494	490	491	495
215	7	53	54	56	471	494	495	496
216	8	7	56	58	472	471	496	497
217	12	8	58	60	474	472	497	498
218	16	12	60	62	476	474	498	499
219	20	16	62	64	478	476	499	500
220	26	34	66	27	480	485	501	481
221	34	33	69	70	485	484	502	503
222	74	75	49	76	504	505	492	506
223	79	80	75	74	507	508	505	504
224	70	69	83	84	503	502	509	510
225	34	70	86	66	485	503	511	501
226	89	80	79	90	512	508	507	513
227	89	90	93	94	512	513	514	515
228	94	93	97	98	515	514	516	517
229	70	84	100	86	503	510	518	511
230	105	106	107	108	519	520	521	522
231	111	105	108	112	523	519	522	524
232	112	108	115	116	524	522	525	526
233	98	97	119	120	517	516	527	528
234	120	119	123	124	528	527	529	530
235	124	123	127	128	530	529	531	532
236	128	127	131	132	532	531	533	534
237	137	138	139	140	535	536	537	538
238	107	144	145	146	521	539	540	541
239	108	107	146	115	522	521	541	525
240	138	149	150	139	536	542	543	537
241	84	83	153	154	510	509	544	545
242	84	154	156	100	510	545	546	518
243	83	159	160	153	509	547	548	544
244	159	163	164	160	547	549	550	548
245	163	19	166	164	549	477	551	550
246	19	20	168	166	477	478	552	551
247	49	42	170	76	492	489	553	506
248	64	174	175	176	500	554	555	556
249	64	62	178	174	500	499	557	554
250	149	175	174	150	542	555	554	543
251	132	131	181	182	534	533	558	559
252	58	56	185	186	497	496	560	561
253	186	185	189	190	561	560	562	563
254	192	60	58	186	564	498	497	561
255	195	196	120	124	565	566	528	530
256	198	195	124	128	567	565	530	532
257	201	202	196	195	568	569	566	565
258	192	186	190	204	564	561	563	570
259	62	60	192	178	499	498	564	557
260	190	207	208	204	563	571	572	570
261	211	80	89	212	573	508	512	574
262	214	75	80	211	575	505	508	573
263	50	49	75	214	493	492	505	575
264	39	50	216	46	486	493	576	491
265	220	207	221	222	577	571	578	579
266	220	224	208	207	577	580	572	571
267	227	211	212	228	581	573	574	582
268	230	214	211	227	583	575	573	581
269	216	50	214	230	576	493	575	583
270	216	232	54	46	576	584	495	491
271	230	234	232	216	583	585	584	576
272	54	232	185	56	495	584	560	496
273	234	189	185	232	585	562	560	584
274	237	227	228	238	586	581	582	587
275	234	230	227	237	585	583	581	586
276	207	190	189	240	571	563	562	588
277	234	237	240	189	585	586	588	562
278	242	221	207	240	589	578	571	588
279	237	238	242	240	586	587	589	588
280	245	246	140	139	590	591	538	537
281	245	208	224	246	590	572	580	591
282	248	245	139	150	592	590	537	543
283	242	251	252	221	589	593	594	578
284	221	252	254	222	578	594	595	579
285	202	257	258	196	569	596	597	566
286	196	258	98	120	566	597	517	528
287	257	261	262	258	596	598	599	597
288	238	228	261	264	587	582	598	600
289	212	89	94	262	574	512	515	599
290	258	262	94	98	597	599	515	517
291	228	212	262	261	582	574	599	598
292	202	201	267	268	569	568	601	602
293	257	202	268	270	596	569	602	603
294	261	257	270	264	598	596	603	600
295	264	251	242	238	600	593	589	587
296	273	274	270	268	604	605	603	602
297	276	273	268	267	606	604	602	601
298	274	251	264	270	605	593	600	603
299	251	274	278	252	593	605	607	594
300	281	282	132	182	608	609	534	559
301	285	286	282	281	610	611	609	608
302	286	288	198	282	611	612	567	609
303	201	288	290	267	568	612	613	601
304	282	198	128	132	609	567	532	534
305	288	201	195	198	612	568	565	567
306	276	294	295	296	606	614	615	616
307	294	299	300	295	614	617	618	615
308	303	304	286	285	619	620	611	610
309	288	286	304	290	612	611	620	613
310	306	299	304	303	621	617	620	619
311	273	276	296	308	604	606	616	622
312	274	273	308	278	605	604	622	607
313	252	278	310	254	594	607	623	595
314	267	290	294	276	601	613	614	606
315	290	304	299	294	613	620	617	614
316	299	306	312	300	617	621	624	618
317	295	300	315	316	615	618	625	626
318	296	295	316	318	616	615	626	627
319	308	296	318	320	622	616	627	628
320	178	248	150	174	557	592	543	554
321	204	248	178	192	570	592	557	564
322	208	245	248	204	572	590	592	570
323	278	308	320	310	607	622	628	623
324	42	41	322	170	489	488	629	553
325	41	112	116	322	488	524	526	629
326	20	64	176	168	478	500	556	552
327	300	312	324	315	618	624	630	625
328	328	329	106	330	631	632	520	633
329	333	328	330	334	634	631	633	635
330	337	333	334	338	636	634	635	637
331	32	337	338	340	483	636	637	638
332	33	32	340	342	484	483	638	639
333	69	33	342	344	502	484	639	640
334	83	69	344	159	509	502	640	547
335	347	328	333	348	641	631	634	642
336	144	329	328	347	539	632	631	641
337	144	347	350	145	539	641	643	540
338	106	329	144	107	520	632	539	521
339	330	106	105	352	633	520	519	644
340	334	330	352	354	635	633	644	645
341	338	334	354	356	637	635	645	646
342	340	338	356	358	638	637	646	647
343	342	340	358	360	639	638	647	648
344	344	342	360	362	640	639	648	649
345	159	344	362	163	547	640	649	549
346	347	348	364	350	641	642	650	643
347	348	333	337	25	642	634	636	479
348	352	105	111	366	644	519	523	651
349	354	352	366	368	645	644	651	652
350	356	354	368	6	646	645	652	470
351	358	356	6	5	647	646	470	469
352	360	358	5	11	648	647	469	473
353	362	360	11	15	649	648	473	475
354	76	170	371	372	506	553	653	654
355	170	322	374	371	553	629	655	653
356	163	362	15	19	549	649	475	477
357	74	76	372	376	504	506	654	656
358	322	116	378	374	629	526	657	655
359	79	74	376	380	507	504	656	658
360	116	115	382	378	526	525	659	657
361	115	146	384	382	525	541	660	659
362	145	350	387	388	540	643	661	662
363	350	364	390	387	643	650	663	661
364	146	145	388	384	541	540	662	660
365	348	25	28	364	642	479	482	650
366	364	28	392	390	650	482	664	663
367	28	27	394	392	482	481	665	664
368	25	337	32	26	479	636	483	480
369	27	66	396	394	481	501	666	665
370	66	86	398	396	501	511	667	666
371	86	100	400	398	511	518	668	667
372	90	79	380	402	513	507	658	669
373	93	90	402	404	514	513	669	670
374	97	93	404	406	516	514	670	671
375	119	97	406	408	527	516	671	672
376	123	119	408	410	529	527	672	673
377	100	156	412	400	518	546	674	668
378	127	123	410	414	531	529	673	675
379	131	127	414	416	533	531	675	676
380	40	111	112	41	487	523	524	488
381	181	131	416	418	558	533	676	677
382	372	371	421	422	654	653	678	679
383	366	111	40	45	651	523	487	490
384	371	374	424	421	653	655	680	678
385	376	372	422	426	656	654	679	681
386	374	378	428	424	655	657	682	680
387	380	376	426	430	658	656	681	683
388	378	382	432	428	657	659	684	682
389	382	384	434	432	659	660	685	684
390	388	387	437	438	662	661	686	687
391	387	390	440	437	661	663	688	686
392	384	388	438	434	660	662	687	685
393	390	392	442	440	663	664	689	688
394	392	394	444	442	664	665	690	689
395	394	396	446	444	665	666	691	690
396	396	398	448	446	666	667	692	691
397	398	400	450	448	667	668	693	692
398	402	380	430	452	669	658	683	694
399	404	402	452	454	670	669	694	695
400	406	404	454	456	671	670	695	696
401	408	406	456	458	672	671	696	697
402	410	408	458	460	673	672	697	698
403	400	412	462	450	668	674	699	693
404	414	410	460	464	675	673	698	700
405	416	414	464	466	676	675	700	701
406	418	416	466	468	677	676	701	702
407	368	366	45	53	652	651	490	494
408	6	368	53	7	470	652	494	471
409	469	470	471	472	703	704	705	706
410	473	469	472	474	707	703	706	708
411	475	473	474	476	709	707	708	710
412	477	475	476	478	711	709	710	712
413	479	480	481	482	713	714	715	716
414	480	483	484	485	714	717	718	719
415	486	487	488	489	720	721	722	723
416	490	487	486	491	724	721	720	725
417	492	493	486	489	726	727	720	723
418	494	490	491	495	728	724	725	729
419	471	494	495	496	705	728	729	730
420	472	471	496	497	706	705	730	731
421	474	472	497	498	708	706	731	732
422	476	474	498	499	710	708	732	733
423	478	476	499	500	712	710	733	734
424	480	485	501	481	714	719	735	715
425	485	484	502	503	719	718	736	737
426	504	505	492	506	738	739	726	740
427	507	508	505	504	741	742	739	738
428	503	502	509	510	737	736	743	744
429	485	503	511	501	719	737	745	735
430	512	508	507	513	746	742	741	747
431	512	513	514	515	746	747	748	749
432	515	514	516	517	749	748	750	751
433	503	510	518	511	737	744	752	745
434	519	520	521	522	753	754	755	756
435	523	519	522	524	757	753	756	758
436	524	522	525	526	758	756	759	760
437	517	516	527	528	751	750	761	762
438	528	527	529	530	762	761	763	764
439	530	529	531	532	764	763	765	766
440	532	531	533	534	766	765	767	768
441	535	536	537	538	769	770	771	772
442	521	539	540	541	755	773	774	775
443	522	521	541	525	756	755	775	759
444	536	542	543	537	770	776	777	771
445	510	509	544	545	744	743	778	779
446	510	545	546	518	744	779	780	752
447	509	547	548	544	743	781	782	778
448	547	549	550	548	781	783	784	782
449	549	477	551	550	783	711	785	784
450	477	478	552	551	711	712	786	785
451	492	489	553	506	726	723	787	740
452	500	554	555	556	734	788	789	790
453	500	499	557	554	734	733	791	788
454	542	555	554	543	776	789	788	777
455	534	533	558	559	768	767	792	793
456	497	496	560	561	731	730	794	795
457	561	560	562	563	795	794	796	797
458	564	498	497	561	798	732	731	795
459	565	566	528	530	799	800	762	764
460	567	565	530	532	801	799	764	766
461	568	569	566	565	802	803	800	799
462	564	561	563	570	798	795	797	804
463	499	498	564	557	733	732	798	791
464	563	571	572	570	797	805	806	804
465	573	508	512	574	807	742	746	808
466	575	505	508	573	809	739	742	807
467	493	492	505	575	727	726	739	809
468	486	493	576	491	720	727	810	725
469	577	571	578	579	811	805	812	813
470	577	580	572	571	811	814	806	805
471	581	573	574	582	815	807	808	816
472	583	575	573	581	817	809	807	815
473	576	493	575	583	810	727	809	817
474	576	584	495	491	810	818	729	725
475	583	585	584	576	817	819	818	810
476	495	584	560	496	729	818	794	730
477	585	562	560	584	819	796	794	818
478	586	581	582	587	820	815	816	821
479	585	583	581	586	819	817	815	820
480	571	563	562	588	805	797	796	822
481	585	586	588	562	819	820	822	796
482	589	578	571	588	823	812	805	822
483	586	587	589	588	820	821	823	822
484	590	591	538	537	824	825	772	771
485	590	572	580	591	824	806	814	825
486	592	590	537	543	826	824	771	777
487	589	593	594	578	823	827	828	812
488	578	594	595	579	812	828	829	813
489	569	596	597	566	803	830	831	800
490	566	597	517	528	800	831	751	762
491	596	598	599	597	830	832	833	831
492	587	582	598	600	821	816	832	834
493	574	512	515	599	808	746	749	833
494	597	599	515	517	831	833	749	751
495	582	574	599	598	816	808	833	832
496	569	568	601	602	803	802	835	836
497	596	569	602	603	830	803	836	837
498	598	596	603	600	832	830	837	834
499	600	593	589	587	834	827	823	821
500	604	605	603	602	838	839	837	836
501	606	604	602	601	840	838	836	835
502	605	593	600	603	839	827	834	837
503	593	605	607	594	827	839	841	828
504	608	609	534	559	842	843	768	793
505	610	611	609	608	844	845	843	842
506	611	612	567	609	845	846	801	843
507	568	612	613	601	802	846	847	835
508	609	567	532	534	843	801	766	768
509	612	568	565	567	846	802	799	801
510	606	614	615	616	840	848	849	850
511	614	617	618	615	848	851	852	849
512	619	620	611	610	853	854	845	844
513	612	611	620	613	846	845	854	847
514	621	617	620	619	855	851	854	853
515	604	606	616	622	838	840	850	856
516	605	604	622	607	839	838	856	841
517	594	607	623	595	828	841	857	829
518	601	613	614	606	835	847	848	840
519	613	620	617	614	847	854	851	848
520	617	621	624	618	851	855	858	852
521	615	618	625	626	849	852	859	860
522	616	615	626	627	850	849	860	861
523	622	616	627	628	856	850	861	862
524	557	592	543	554	791	826	777	788
525	570	592	557	564	804	826	791	798
526	572	590	592	570	806	824	826	804
527	607	622	628	623	841	856	862	857
528	489	488	629	553	723	722	863	787
529	488	524	526	629	722	758	760	863
530	478	500	556	552	712	734	790	786
531	618	624	630	625	852	858	864	859
532	631	632	520	633	865	866	754	867
533	634	631	633	635	868	865	867	869
534	636	634	635	637	870	868	869	871
535	483	636	637	638	717	870	871	872
536	484	483	638	639	718	717	872	873
537	502	484	639	640	736	718	873	874
538	509	502	640	547	743	736	874	781
539	641	631	634	642	875	865	868	876
540	539	632	631	641	773	866	865	875
541	539	641	643	540	773	875	877	774
542	520	632	539	521	754	866	773	755
543	633	520	519	644	867	754	753	878
544	635	633	644	645	869	867	878	879
545	637	635	645	646	871	869	879	880
546	638	637	646	647	872	871	880	881
547	639	638	647	648	873	872	881	882
548	640	639	648	649	874	873	882	883
549	547	640	649	549	781	874	883	783
550	641	642	650	643	875	876	884	877
551	642	634	636	479	876	868	870	713
552	644	519	523	651	878	753	757	885
553	645	644	651	652	879	878	885	886
554	646	645	652	470	880	879	886	704
555	647	646	470	469	881	880	704	703
556	648	647	469	473	882	881	703	707
557	649	648	473	475	883	882	707	709
558	506	553	653	654	740	787	887	888
559	553	629	655	653	787	863	889	887
560	549	649	475	477	783	883	709	711
561	504	506	654	656	738	740	888	890
562	629	526	657	655	863	760	891	889
563	507	504	656	658	741	738	890	892
564	526	525	659	657	760	759	893	891
565	525	541	660	659	759	775	894	893
566	540	643	661	662	774	877	895	896
567	643	650	663	661	877	884	897	895
568	541	540	662	660	775	774	896	894
569	642	479	482	650	876	713	716	884
570	650	482	664	663	884	716	898	897
571	482	481	665	664	716	715	899	898
572	479	636	483	480	713	870	717	714
573	481	501	666	665	715	735	900	899
574	501	511	667	666	735	745	901	900
575	511	518	668	667	745	752	902	901
576	513	507	658	669	747	741	892	903
577	514	513	669	670	748	747	903	904
578	516	514	670	671	750	748	904	905
579	527	516	671	672	761	750	905	906
580	529	527	672	673	763	761	906	907
581	518	546	674	668	752	780	908	902
582	531	529	673	675	765	763	907	909
583	533	531	675	676	767	765	909	910
584	487	523	524	488	721	757	758	722
585	558	533	676	677	792	767	910	911
586	654	653	678	679	888	887	912	913
587	651	523	487	490	885	757	721	724
588	653	655	680	678	887	889	914	912
589	656	654	679	681	890	888	913	915
590	655	657	682	680	889	891	916	914
591	658	656	681	683	892	890	915	917
592	657	659	684	682	891	893	918	916
593	659	660	685	684	893	894	919	918
594	662	661	686	687	896	895	920	921
595	661	663	688	686	895	897	922	920
596	660	662	687	685	894	896	921	919
597	663	664	689	688	897	898	923	922
598	664	665	690	689	898	899	924	923
599	665	666	691	690	899	900	925	924
600	666	667	692	691	900	901	926	925
601	667	668	693	692	901	902	927	926
602	669	658	683	694	903	892	917	928
603	670	669	694	695	904	903	928	929
604	671	670	695	696	905	904	929	930
605	672	671	696	697	906	905	930	931
606	673	672	697	698	907	906	931	932
607	668	674	699	693	902	908	933	927
608	675	673	698	700	909	907	932	934
609	676	675	700	701	910	909	934	935
610	677	676	701	702	911	910	935	936
611	652	651	490	494	886	885	724	728
612	470	652	494	471	704	886	728	705
613	420	425	426	422	937	938	939	940
614	419	420	422	421	941	937	940	942
615	423	419	421	424	943	941	942	944
616	427	423	424	428	945	943	944	946
617	425	429	430	426	938	947	948	939
618	431	427	428	432	949	945	946	950
619	429	451	452	430	947	951	952	948
620	433	431	432	434	953	949	950	954
621	436	433	434	438	955	953	954	956
622	435	436	438	437	957	955	956	958
623	439	435	437	440	959	957	958	960
624	441	439	440	442	961	959	960	962
625	443	441	442	444	963	961	962	964
626	445	443	444	446	965	963	964	966
627	447	445	446	448	967	965	966	968
628	449	447	448	450	969	967	968	970
629	461	449	450	462	971	969	970	972
630	451	453	454	452	951	973	974	952
631	453	455	456	454	973	975	976	974
632	455	457	458	456	975	977	978	976
633	457	459	460	458	977	979	980	978
634	459	463	464	460	979	981	982	980
635	463	465	466	464	981	983	984	982
636	465	467	468	466	983	985	986	984
637	421	422	679	678	942	940	987	988
638	679	681	915	913	987	989	990	991
639	422	426	681	679	940	939	989	987
640	678	679	913	912	988	987	991	992
641	680	678	912	914	993	988	992	994
642	424	421	678	680	944	942	988	993
643	682	680	914	916	995	993	994	996
644	428	424	680	682	946	944	993	995
645	681	683	917	915	989	997	998	990
646	426	430	683	681	939	948	997	989
647	684	682	916	918	999	995	996	1000
648	432	428	682	684	950	946	995	999
649	683	694	928	917	997	1001	1002	998
650	430	452	694	683	948	952	1001	997
651	685	684	918	919	1003	999	1000	1004
652	434	432	684	685	954	950	999	1003
653	438	434	685	687	956	954	1003	1005
654	687	685	919	921	1005	1003	1004	1006
655	437	438	687	686	958	956	1005	1007
656	686	687	921	920	1007	1005	1006	1008
657	688	686	920	922	1009	1007	1008	1010
658	440	437	686	688	960	958	1007	1009
659	689	688	922	923	1011	1009	1010	1012
660	442	440	688	689	962	960	1009	1011
661	690	689	923	924	1013	1011	1012	1014
662	444	442	689	690	964	962	1011	1013
663	691	690	924	925	1015	1013	1014	1016
664	446	444	690	691	966	964	1013	1015
665	692	691	925	926	1017	1015	1016	1018
666	448	446	691	692	968	966	1015	1017
667	693	692	926	927	1019	1017	1018	1020
668	450	448	692	693	970	968	1017	1019
669	699	693	927	933	1021	1019	1020	1022
670	462	450	693	699	972	970	1019	1021
671	694	695	929	928	1001	1023	1024	1002
672	452	454	695	694	952	974	1023	1001
673	695	696	930	929	1023	1025	1026	1024
674	454	456	696	695	974	976	1025	1023
675	696	697	931	930	1025	1027	1028	1026
676	456	458	697	696	976	978	1027	1025
677	697	698	932	931	1027	1029	1030	1028
678	458	460	698	697	978	980	1029	1027
679	698	700	934	932	1029	1031	1032	1030
680	460	464	700	698	980	982	1031	1029
681	700	701	935	934	1031	1033	1034	1032
682	464	466	701	700	982	984	1033	1031
683	701	702	936	935	1033	1035	1036	1034
684	466	468	702	701	984	986	1035	1033
685	1037	1038	1039	1040	1041	1042	1043	1044
686	1038	1045	1046	1039	1042	1047	1048	1043
687	1045	1049	1050	1046	1047	1051	1052	1048
688	1049	1053	1054	1050	1051	1055	1056	1052
689	1057	1058	1059	1060	1061	1062	1063	1064
690	1065	1057	1066	1067	1068	1061	1069	1070
691	1071	1072	1073	1074	1075	1076	1077	1078
692	1071	1079	1080	1072	1075	1081	1082	1076
693	1083	1084	1073	1072	1085	1086	1077	1076
694	1079	1087	1088	1080	1081	1089	1090	1082
695	1087	1040	1091	1088	1089	1044	1092	1090
696	1040	1039	1093	1091	1044	1043	1094	1092
697	1039	1046	1095	1093	1043	1048	1096	1094
698	1046	1050	1097	1095	1048	1052	1098	1096
699	1050	1054	1099	1097	1052	1056	1100	1098
700	1066	1057	1060	1101	1069	1061	1064	1102
701	1067	1066	1103	1104	1070	1069	1105	1106
702	1107	1108	1109	1084	1110	1111	1112	1086
703	1113	1114	1108	1107	1115	1116	1111	1110
704	1104	1103	1117	1118	1106	1105	1119	1120
705	1103	1066	1101	1121	1105	1069	1102	1122
706	1113	1123	1124	1114	1115	1125	1126	1116
707	1124	1123	1127	1128	1126	1125	1129	1130
708	1128	1127	1131	1132	1130	1129	1133	1134
709	1117	1103	1121	1135	1119	1105	1122	1136
710	1137	1138	1139	1140	1141	1142	1143	1144
711	1138	1145	1146	1139	1142	1147	1148	1143
712	1139	1146	1149	1150	1143	1148	1151	1152
713	1132	1131	1153	1154	1134	1133	1155	1156
714	1154	1153	1157	1158	1156	1155	1159	1160
715	1158	1157	1161	1162	1160	1159	1163	1164
716	1162	1161	1165	1166	1164	1163	1167	1168
717	134	133	1169	1170	138	137	1171	1172
718	1173	1140	1174	1175	1176	1144	1177	1178
719	1140	1139	1150	1174	1144	1143	1152	1177
720	147	134	1170	1179	149	138	1172	1180
721	1118	1117	152	151	1120	1119	154	153
722	152	1117	1135	155	154	1119	1136	156
723	1181	1118	151	158	1182	1120	153	160
724	1183	1181	158	162	1184	1182	160	164
725	1053	1183	162	165	1055	1184	164	166
726	1054	1053	165	167	1056	1055	166	168
727	1073	1084	1109	1185	1077	1086	1112	1186
728	1187	1099	173	172	1188	1100	176	175
729	1097	1099	1187	1189	1098	1100	1188	1190
730	172	147	1179	1187	175	149	1180	1188
731	1166	1165	180	179	1168	1167	182	181
732	1091	1093	1191	1192	1092	1094	1193	1194
733	1192	1191	1195	1196	1194	1193	1197	1198
734	1095	1199	1191	1093	1096	1200	1193	1094
735	1201	1202	1157	1153	1203	1204	1159	1155
736	1202	1205	1161	1157	1204	1206	1163	1159
737	1207	1208	1202	1201	1209	1210	1204	1203
738	1191	1199	1211	1195	1193	1200	1212	1197
739	1095	1097	1189	1199	1096	1098	1190	1200
740	1213	1195	1211	1214	1215	1197	1212	1216
741	1113	1217	1218	1123	1115	1219	1220	1125
742	1107	1221	1217	1113	1110	1222	1219	1115
743	1084	1083	1221	1107	1086	1085	1222	1110
744	1083	1072	1080	1223	1085	1076	1082	1224
745	1213	1225	1226	1227	1215	1228	1229	1230
746	1231	1225	1213	1214	1232	1228	1215	1216
747	1217	1233	1234	1218	1219	1235	1236	1220
748	1221	1237	1233	1217	1222	1238	1235	1219
749	1083	1223	1237	1221	1085	1224	1238	1222
750	1239	1223	1080	1088	1240	1224	1082	1090
751	1241	1237	1223	1239	1242	1238	1224	1240
752	1239	1088	1091	1192	1240	1090	1092	1194
753	1196	1241	1239	1192	1198	1242	1240	1194
754	1233	1243	1244	1234	1235	1245	1246	1236
755	1237	1241	1243	1233	1238	1242	1245	1235
756	1195	1213	1247	1196	1197	1215	1248	1198
757	1243	1241	1196	1247	1245	1242	1198	1248
758	1227	1249	1247	1213	1230	1250	1248	1215
759	1244	1243	1247	1249	1246	1245	1248	1250
760	1251	1252	1170	1169	1253	1254	1172	1171
761	1214	1252	1251	1231	1216	1254	1253	1232
762	1252	1255	1179	1170	1254	1256	1180	1172
763	1257	1249	1227	1258	1259	1250	1230	1260
764	1258	1227	1226	1261	1260	1230	1229	1262
765	1263	1207	1201	1264	1265	1209	1203	1266
766	1264	1201	1153	1131	1266	1203	1155	1133
767	1267	1263	1264	1268	1269	1265	1266	1270
768	1234	1244	1271	1267	1236	1246	1272	1269
769	1123	1218	1268	1127	1125	1220	1270	1129
770	1268	1264	1131	1127	1270	1266	1133	1129
771	1218	1234	1267	1268	1220	1236	1269	1270
772	1208	1207	1273	1274	1210	1209	1275	1276
773	1207	1263	1277	1273	1209	1265	1278	1275
774	1263	1267	1271	1277	1265	1269	1272	1278
775	1257	1271	1244	1249	1259	1272	1246	1250
776	1279	1280	1273	1277	1281	1282	1275	1278
777	1280	1283	1274	1273	1282	1284	1276	1275
778	1257	1279	1277	1271	1259	1281	1278	1272
779	1279	1257	1258	1285	1281	1259	1260	1286
780	1287	279	180	1165	1288	281	182	1167
781	1289	283	279	1287	1290	285	281	1288
782	1291	1289	1287	1205	1292	1290	1288	1206
783	1291	1208	1274	1293	1292	1210	1276	1294
784	1205	1287	1165	1161	1206	1288	1167	1163
785	1208	1291	1205	1202	1210	1292	1206	1204
786	1295	1283	1296	1297	1298	1284	1299	1300
787	1301	1295	1297	1302	1303	1298	1300	1304
788	1305	301	283	1289	1306	303	285	1290
789	1289	1291	1293	1305	1290	1292	1294	1306
790	1301	305	301	1305	1303	306	303	1306
791	1283	1280	1307	1296	1284	1282	1308	1299
792	1280	1279	1285	1307	1282	1281	1286	1308
793	1285	1258	1261	1309	1286	1260	1262	1310
794	1293	1274	1283	1295	1294	1276	1284	1298
795	1305	1293	1295	1301	1306	1294	1298	1303
796	305	1301	1302	311	306	1303	1304	312
797	1302	1297	1311	1312	1304	1300	1313	1314
798	1297	1296	1315	1311	1300	1299	1316	1313
799	1296	1307	1317	1315	1299	1308	1318	1316
800	1255	1189	1187	1179	1256	1190	1188	1180
801	1255	1211	1199	1189	1256	1212	1200	1190
802	1252	1214	1211	1255	1254	1216	1212	1256
803	1307	1285	1309	1317	1308	1286	1310	1318
804	1074	1073	1185	1319	1078	1077	1186	1320
805	1146	1074	1319	1149	1148	1078	1320	1151
806	1099	1054	167	173	1100	1056	168	176
807	311	1302	1312	323	312	1304	1314	324
808	1321	1322	1323	1137	1324	1325	1326	1141
809	1322	1327	1328	1323	1325	1329	1330	1326
810	1327	1331	1332	1328	1329	1333	1334	1330
811	1331	1065	1335	1332	1333	1068	1336	1334
812	1065	1067	1337	1335	1068	1070	1338	1336
813	1067	1104	1339	1337	1070	1106	1340	1338
814	1104	1118	1181	1339	1106	1120	1182	1340
815	1322	1341	1342	1327	1325	1343	1344	1329
816	1321	1173	1341	1322	1324	1176	1343	1325
817	1341	1173	1175	1345	1343	1176	1178	1346
818	1321	1137	1140	1173	1324	1141	1144	1176
819	1137	1323	1347	1138	1141	1326	1348	1142
820	1323	1328	1349	1347	1326	1330	1350	1348
821	1328	1332	1351	1349	1330	1334	1352	1350
822	1332	1335	1353	1351	1334	1336	1354	1352
823	1335	1337	1355	1353	1336	1338	1356	1354
824	1337	1339	1357	1355	1338	1340	1358	1356
825	1339	1181	1183	1357	1340	1182	1184	1358
826	1342	1341	1345	1359	1344	1343	1346	1360
827	1327	1342	1058	1331	1329	1344	1062	1333
828	1138	1347	1361	1145	1142	1348	1362	1147
829	1347	1349	1363	1361	1348	1350	1364	1362
830	1349	1351	1037	1363	1350	1352	1041	1364
831	1351	1353	1038	1037	1352	1354	1042	1041
832	1353	1355	1045	1038	1354	1356	1047	1042
833	1355	1357	1049	1045	1356	1358	1051	1047
834	1185	1109	1365	1366	1186	1112	1367	1368
835	1319	1185	1366	1369	1320	1186	1368	1370
836	1357	1183	1053	1049	1358	1184	1055	1051
837	1109	1108	1371	1365	1112	1111	1372	1367
838	1149	1319	1369	1373	1151	1320	1370	1374
839	1108	1114	1375	1371	1111	1116	1376	1372
840	1150	1149	1373	1377	1152	1151	1374	1378
841	1174	1150	1377	1379	1177	1152	1378	1380
842	1345	1175	1381	1382	1346	1178	1383	1384
843	1359	1345	1382	1385	1360	1346	1384	1386
844	1175	1174	1379	1381	1178	1177	1380	1383
845	1058	1342	1359	1059	1062	1344	1360	1063
846	1059	1359	1385	1387	1063	1360	1386	1388
847	1060	1059	1387	1389	1064	1063	1388	1390
848	1331	1058	1057	1065	1333	1062	1061	1068
849	1101	1060	1389	1391	1102	1064	1390	1392
850	1121	1101	1391	1393	1122	1102	1392	1394
851	1135	1121	1393	1395	1136	1122	1394	1396
852	1114	1124	1397	1375	1116	1126	1398	1376
853	1124	1128	1399	1397	1126	1130	1400	1398
854	1128	1132	1401	1399	1130	1134	1402	1400
855	1132	1154	1403	1401	1134	1156	1404	1402
856	1154	1158	1405	1403	1156	1160	1406	1404
857	155	1135	1395	411	156	1136	1396	412
858	1158	1162	1407	1405	1160	1164	1408	1406
859	1162	1166	1409	1407	1164	1168	1410	1408
860	1145	1071	1074	1146	1147	1075	1078	1148
861	1166	179	417	1409	1168	181	418	1410
862	1366	1365	1411	1412	1368	1367	1413	1414
863	1145	1361	1079	1071	1147	1362	1081	1075
864	1369	1366	1412	1415	1370	1368	1414	1416
865	1365	1371	1417	1411	1367	1372	1418	1413
866	1373	1369	1415	1419	1374	1370	1416	1420
867	1371	1375	1421	1417	1372	1376	1422	1418
868	1377	1373	1419	1423	1378	1374	1420	1424
869	1379	1377	1423	1425	1380	1378	1424	1426
870	1382	1381	1427	1428	1384	1383	1429	1430
871	1385	1382	1428	1431	1386	1384	1430	1432
872	1381	1379	1425	1427	1383	1380	1426	1429
873	1387	1385	1431	1433	1388	1386	1432	1434
874	1389	1387	1433	1435	1390	1388	1434	1436
875	1391	1389	1435	1437	1392	1390	1436	1438
876	1393	1391	1437	1439	1394	1392	1438	1440
877	1395	1393	1439	1441	1396	1394	1440	1442
878	1375	1397	1443	1421	1376	1398	1444	1422
879	1397	1399	1445	1443	1398	1400	1446	1444
880	1399	1401	1447	1445	1400	1402	1448	1446
881	1401	1403	1449	1447	1402	1404	1450	1448
882	1403	1405	1451	1449	1404	1406	1452	1450
883	411	1395	1441	461	412	1396	1442	462
884	1405	1407	1453	1451	1406	1408	1454	1452
885	1407	1409	1455	1453	1408	1410	1456	1454
886	1409	417	467	1455	1410	418	468	1456
887	1361	1363	1087	1079	1362	1364	1089	1081
888	1363	1037	1040	1087	1364	1041	1044	1089
889	1041	1042	1043	1044	1457	1458	1459	1460
890	1042	1047	1048	1043	1458	1461	1462	1459
891	1047	1051	1052	1048	1461	1463	1464	1462
892	1051	1055	1056	1052	1463	1465	1466	1464
893	1061	1062	1063	1064	1467	1468	1469	1470
894	1068	1061	1069	1070	1471	1467	1472	1473
895	1075	1076	1077	1078	1474	1475	1476	1477
896	1075	1081	1082	1076	1474	1478	1479	1475
897	1085	1086	1077	1076	1480	1481	1476	1475
898	1081	1089	1090	1082	1478	1482	1483	1479
899	1089	1044	1092	1090	1482	1460	1484	1483
900	1044	1043	1094	1092	1460	1459	1485	1484
901	1043	1048	1096	1094	1459	1462	1486	1485
902	1048	1052	1098	1096	1462	1464	1487	1486
903	1052	1056	1100	1098	1464	1466	1488	1487
904	1069	1061	1064	1102	1472	1467	1470	1489
905	1070	1069	1105	1106	1473	1472	1490	1491
906	1110	1111	1112	1086	1492	1493	1494	1481
907	1115	1116	1111	1110	1495	1496	1493	1492
908	1106	1105	1119	1120	1491	1490	1497	1498
909	1105	1069	1102	1122	1490	1472	1489	1499
910	1115	1125	1126	1116	1495	1500	1501	1496
911	1126	1125	1129	1130	1501	1500	1502	1503
912	1130	1129	1133	1134	1503	1502	1504	1505
913	1119	1105	1122	1136	1497	1490	1499	1506
914	1141	1142	1143	1144	1507	1508	1509	1510
915	1142	1147	1148	1143	1508	1511	1512	1509
916	1143	1148	1151	1152	1509	1512	1513	1514
917	1134	1133	1155	1156	1505	1504	1515	1516
918	1156	1155	1159	1160	1516	1515	1517	1518
919	1160	1159	1163	1164	1518	1517	1519	1520
920	1164	1163	1167	1168	1520	1519	1521	1522
921	138	137	1171	1172	536	535	1523	1524
922	1176	1144	1177	1178	1525	1510	1526	1527
923	1144	1143	1152	1177	1510	1509	1514	1526
924	149	138	1172	1180	542	536	1524	1528
925	1120	1119	154	153	1498	1497	545	544
926	154	1119	1136	156	545	1497	1506	546
927	1182	1120	153	160	1529	1498	544	548
928	1184	1182	160	164	1530	1529	548	550
929	1055	1184	164	166	1465	1530	550	551
930	1056	1055	166	168	1466	1465	551	552
931	1077	1086	1112	1186	1476	1481	1494	1531
932	1188	1100	176	175	1532	1488	556	555
933	1098	1100	1188	1190	1487	1488	1532	1533
934	175	149	1180	1188	555	542	1528	1532
935	1168	1167	182	181	1522	1521	559	558
936	1092	1094	1193	1194	1484	1485	1534	1535
937	1194	1193	1197	1198	1535	1534	1536	1537
938	1096	1200	1193	1094	1486	1538	1534	1485
939	1203	1204	1159	1155	1539	1540	1517	1515
940	1204	1206	1163	1159	1540	1541	1519	1517
941	1209	1210	1204	1203	1542	1543	1540	1539
942	1193	1200	1212	1197	1534	1538	1544	1536
943	1096	1098	1190	1200	1486	1487	1533	1538
944	1215	1197	1212	1216	1545	1536	1544	1546
945	1115	1219	1220	1125	1495	1547	1548	1500
946	1110	1222	1219	1115	1492	1549	1547	1495
947	1086	1085	1222	1110	1481	1480	1549	1492
948	1085	1076	1082	1224	1480	1475	1479	1550
949	1215	1228	1229	1230	1545	1551	1552	1553
950	1232	1228	1215	1216	1554	1551	1545	1546
951	1219	1235	1236	1220	1547	1555	1556	1548
952	1222	1238	1235	1219	1549	1557	1555	1547
953	1085	1224	1238	1222	1480	1550	1557	1549
954	1240	1224	1082	1090	1558	1550	1479	1483
955	1242	1238	1224	1240	1559	1557	1550	1558
956	1240	1090	1092	1194	1558	1483	1484	1535
957	1198	1242	1240	1194	1537	1559	1558	1535
958	1235	1245	1246	1236	1555	1560	1561	1556
959	1238	1242	1245	1235	1557	1559	1560	1555
960	1197	1215	1248	1198	1536	1545	1562	1537
961	1245	1242	1198	1248	1560	1559	1537	1562
962	1230	1250	1248	1215	1553	1563	1562	1545
963	1246	1245	1248	1250	1561	1560	1562	1563
964	1253	1254	1172	1171	1564	1565	1524	1523
965	1216	1254	1253	1232	1546	1565	1564	1554
966	1254	1256	1180	1172	1565	1566	1528	1524
967	1259	1250	1230	1260	1567	1563	1553	1568
968	1260	1230	1229	1262	1568	1553	1552	1569
969	1265	1209	1203	1266	1570	1542	1539	1571
970	1266	1203	1155	1133	1571	1539	1515	1504
971	1269	1265	1266	1270	1572	1570	1571	1573
972	1236	1246	1272	1269	1556	1561	1574	1572
973	1125	1220	1270	1129	1500	1548	1573	1502
974	1270	1266	1133	1129	1573	1571	1504	1502
975	1220	1236	1269	1270	1548	1556	1572	1573
976	1210	1209	1275	1276	1543	1542	1575	1576
977	1209	1265	1278	1275	1542	1570	1577	1575
978	1265	1269	1272	1278	1570	1572	1574	1577
979	1259	1272	1246	1250	1567	1574	1561	1563
980	1281	1282	1275	1278	1578	1579	1575	1577
981	1282	1284	1276	1275	1579	1580	1576	1575
982	1259	1281	1278	1272	1567	1578	1577	1574
983	1281	1259	1260	1286	1578	1567	1568	1581
984	1288	281	182	1167	1582	608	559	1521
985	1290	285	281	1288	1583	610	608	1582
986	1292	1290	1288	1206	1584	1583	1582	1541
987	1292	1210	1276	1294	1584	1543	1576	1585
988	1206	1288	1167	1163	1541	1582	1521	1519
989	1210	1292	1206	1204	1543	1584	1541	1540
990	1298	1284	1299	1300	1586	1580	1587	1588
991	1303	1298	1300	1304	1589	1586	1588	1590
992	1306	303	285	1290	1591	619	610	1583
993	1290	1292	1294	1306	1583	1584	1585	1591
994	1303	306	303	1306	1589	621	619	1591
995	1284	1282	1308	1299	1580	1579	1592	1587
996	1282	1281	1286	1308	1579	1578	1581	1592
997	1286	1260	1262	1310	1581	1568	1569	1593
998	1294	1276	1284	1298	1585	1576	1580	1586
999	1306	1294	1298	1303	1591	1585	1586	1589
1000	306	1303	1304	312	621	1589	1590	624
1001	1304	1300	1313	1314	1590	1588	1594	1595
1002	1300	1299	1316	1313	1588	1587	1596	1594
1003	1299	1308	1318	1316	1587	1592	1597	1596
1004	1256	1190	1188	1180	1566	1533	1532	1528
1005	1256	1212	1200	1190	1566	1544	1538	1533
1006	1254	1216	1212	1256	1565	1546	1544	1566
1007	1308	1286	1310	1318	1592	1581	1593	1597
1008	1078	1077	1186	1320	1477	1476	1531	1598
1009	1148	1078	1320	1151	1512	1477	1598	1513
1010	1100	1056	168	176	1488	1466	552	556
1011	312	1304	1314	324	624	1590	1595	630
1012	1324	1325	1326	1141	1599	1600	1601	1507
1013	1325	1329	1330	1326	1600	1602	1603	1601
1014	1329	1333	1334	1330	1602	1604	1605	1603
1015	1333	1068	1336	1334	1604	1471	1606	1605
1016	1068	1070	1338	1336	1471	1473	1607	1606
1017	1070	1106	1340	1338	1473	1491	1608	1607
1018	1106	1120	1182	1340	1491	1498	1529	1608
1019	1325	1343	1344	1329	1600	1609	1610	1602
1020	1324	1176	1343	1325	1599	1525	1609	1600
1021	1343	1176	1178	1346	1609	1525	1527	1611
1022	1324	1141	1144	1176	1599	1507	1510	1525
1023	1141	1326	1348	1142	1507	1601	1612	1508
1024	1326	1330	1350	1348	1601	1603	1613	1612
1025	1330	1334	1352	1350	1603	1605	1614	1613
1026	1334	1336	1354	1352	1605	1606	1615	1614
1027	1336	1338	1356	1354	1606	1607	1616	1615
1028	1338	1340	1358	1356	1607	1608	1617	1616
1029	1340	1182	1184	1358	1608	1529	1530	1617
1030	1344	1343	1346	1360	1610	1609	1611	1618
1031	1329	1344	1062	1333	1602	1610	1468	1604
1032	1142	1348	1362	1147	1508	1612	1619	1511
1033	1348	1350	1364	1362	1612	1613	1620	1619
1034	1350	1352	1041	1364	1613	1614	1457	1620
1035	1352	1354	1042	1041	1614	1615	1458	1457
1036	1354	1356	1047	1042	1615	1616	1461	1458
1037	1356	1358	1051	1047	1616	1617	1463	1461
1038	1186	1112	1367	1368	1531	1494	1621	1622
1039	1320	1186	1368	1370	1598	1531	1622	1623
1040	1358	1184	1055	1051	1617	1530	1465	1463
1041	1112	1111	1372	1367	1494	1493	1624	1621
1042	1151	1320	1370	1374	1513	1598	1623	1625
1043	1111	1116	1376	1372	1493	1496	1626	1624
1044	1152	1151	1374	1378	1514	1513	1625	1627
1045	1177	1152	1378	1380	1526	1514	1627	1628
1046	1346	1178	1383	1384	1611	1527	1629	1630
1047	1360	1346	1384	1386	1618	1611	1630	1631
1048	1178	1177	1380	1383	1527	1526	1628	1629
1049	1062	1344	1360	1063	1468	1610	1618	1469
1050	1063	1360	1386	1388	1469	1618	1631	1632
1051	1064	1063	1388	1390	1470	1469	1632	1633
1052	1333	1062	1061	1068	1604	1468	1467	1471
1053	1102	1064	1390	1392	1489	1470	1633	1634
1054	1122	1102	1392	1394	1499	1489	1634	1635
1055	1136	1122	1394	1396	1506	1499	1635	1636
1056	1116	1126	1398	1376	1496	1501	1637	1626
1057	1126	1130	1400	1398	1501	1503	1638	1637
1058	1130	1134	1402	1400	1503	1505	1639	1638
1059	1134	1156	1404	1402	1505	1516	1640	1639
1060	1156	1160	1406	1404	1516	1518	1641	1640
1061	156	1136	1396	412	546	1506	1636	674
1062	1160	1164	1408	1406	1518	1520	1642	1641
1063	1164	1168	1410	1408	1520	1522	1643	1642
1064	1147	1075	1078	1148	1511	1474	1477	1512
1065	1168	181	418	1410	1522	558	677	1643
1066	1368	1367	1413	1414	1622	1621	1644	1645
1067	1147	1362	1081	1075	1511	1619	1478	1474
1068	1370	1368	1414	1416	1623	1622	1645	1646
1069	1367	1372	1418	1413	1621	1624	1647	1644
1070	1374	1370	1416	1420	1625	1623	1646	1648
1071	1372	1376	1422	1418	1624	1626	1649	1647
1072	1378	1374	1420	1424	1627	1625	1648	1650
1073	1380	1378	1424	1426	1628	1627	1650	1651
1074	1384	1383	1429	1430	1630	1629	1652	1653
1075	1386	1384	1430	1432	1631	1630	1653	1654
1076	1383	1380	1426	1429	1629	1628	1651	1652
1077	1388	1386	1432	1434	1632	1631	1654	1655
1078	1390	1388	1434	1436	1633	1632	1655	1656
1079	1392	1390	1436	1438	1634	1633	1656	1657
1080	1394	1392	1438	1440	1635	1634	1657	1658
1081	1396	1394	1440	1442	1636	1635	1658	1659
1082	1376	1398	1444	1422	1626	1637	1660	1649
1083	1398	1400	1446	1444	1637	1638	1661	1660
1084	1400	1402	1448	1446	1638	1639	1662	1661
1085	1402	1404	1450	1448	1639	1640	1663	1662
1086	1404	1406	1452	1450	1640	1641	1664	1663
1087	412	1396	1442	462	674	1636	1659	699
1088	1406	1408	1454	1452	1641	1642	1665	1664
1089	1408	1410	1456	1454	1642	1643	1666	1665
1090	1410	418	468	1456	1643	677	702	1666
1091	1362	1364	1089	1081	1619	1620	1482	1478
1092	1364	1041	1044	1089	1620	1457	1460	1482
1093	1457	1458	1459	1460	1667	1668	1669	1670
1094	1458	1461	1462	1459	1668	1671	1672	1669
1095	1461	1463	1464	1462	1671	1673	1674	1672
1096	1463	1465	1466	1464	1673	1675	1676	1674
1097	1467	1468	1469	1470	1677	1678	1679	1680
1098	1471	1467	1472	1473	1681	1677	1682	1683
1099	1474	1475	1476	1477	1684	1685	1686	1687
1100	1474	1478	1479	1475	1684	1688	1689	1685
1101	1480	1481	1476	1475	1690	1691	1686	1685
1102	1478	1482	1483	1479	1688	1692	1693	1689
1103	1482	1460	1484	1483	1692	1670	1694	1693
1104	1460	1459	1485	1484	1670	1669	1695	1694
1105	1459	1462	1486	1485	1669	1672	1696	1695
1106	1462	1464	1487	1486	1672	1674	1697	1696
1107	1464	1466	1488	1487	1674	1676	1698	1697
1108	1472	1467	1470	1489	1682	1677	1680	1699
1109	1473	1472	1490	1491	1683	1682	1700	1701
1110	1492	1493	1494	1481	1702	1703	1704	1691
1111	1495	1496	1493	1492	1705	1706	1703	1702
1112	1491	1490	1497	1498	1701	1700	1707	1708
1113	1490	1472	1489	1499	1700	1682	1699	1709
1114	1495	1500	1501	1496	1705	1710	1711	1706
1115	1501	1500	1502	1503	1711	1710	1712	1713
1116	1503	1502	1504	1505	1713	1712	1714	1715
1117	1497	1490	1499	1506	1707	1700	1709	1716
1118	1507	1508	1509	1510	1717	1718	1719	1720
1119	1508	1511	1512	1509	1718	1721	1722	1719
1120	1509	1512	1513	1514	1719	1722	1723	1724
1121	1505	1504	1515	1516	1715	1714	1725	1726
1122	1516	1515	1517	1518	1726	1725	1727	1728
1123	1518	1517	1519	1520	1728	1727	1729	1730
1124	1520	1519	1521	1522	1730	1729	1731	1732
1125	536	535	1523	1524	770	769	1733	1734
1126	1525	1510	1526	1527	1735	1720	1736	1737
1127	1510	1509	1514	1526	1720	1719	1724	1736
1128	542	536	1524	1528	776	770	1734	1738
1129	1498	1497	545	544	1708	1707	779	778
1130	545	1497	1506	546	779	1707	1716	780
1131	1529	1498	544	548	1739	1708	778	782
1132	1530	1529	548	550	1740	1739	782	784
1133	1465	1530	550	551	1675	1740	784	785
1134	1466	1465	551	552	1676	1675	785	786
1135	1476	1481	1494	1531	1686	1691	1704	1741
1136	1532	1488	556	555	1742	1698	790	789
1137	1487	1488	1532	1533	1697	1698	1742	1743
1138	555	542	1528	1532	789	776	1738	1742
1139	1522	1521	559	558	1732	1731	793	792
1140	1484	1485	1534	1535	1694	1695	1744	1745
1141	1535	1534	1536	1537	1745	1744	1746	1747
1142	1486	1538	1534	1485	1696	1748	1744	1695
1143	1539	1540	1517	1515	1749	1750	1727	1725
1144	1540	1541	1519	1517	1750	1751	1729	1727
1145	1542	1543	1540	1539	1752	1753	1750	1749
1146	1534	1538	1544	1536	1744	1748	1754	1746
1147	1486	1487	1533	1538	1696	1697	1743	1748
1148	1545	1536	1544	1546	1755	1746	1754	1756
1149	1495	1547	1548	1500	1705	1757	1758	1710
1150	1492	1549	1547	1495	1702	1759	1757	1705
1151	1481	1480	1549	1492	1691	1690	1759	1702
1152	1480	1475	1479	1550	1690	1685	1689	1760
1153	1545	1551	1552	1553	1755	1761	1762	1763
1154	1554	1551	1545	1546	1764	1761	1755	1756
1155	1547	1555	1556	1548	1757	1765	1766	1758
1156	1549	1557	1555	1547	1759	1767	1765	1757
1157	1480	1550	1557	1549	1690	1760	1767	1759
1158	1558	1550	1479	1483	1768	1760	1689	1693
1159	1559	1557	1550	1558	1769	1767	1760	1768
1160	1558	1483	1484	1535	1768	1693	1694	1745
1161	1537	1559	1558	1535	1747	1769	1768	1745
1162	1555	1560	1561	1556	1765	1770	1771	1766
1163	1557	1559	1560	1555	1767	1769	1770	1765
1164	1536	1545	1562	1537	1746	1755	1772	1747
1165	1560	1559	1537	1562	1770	1769	1747	1772
1166	1553	1563	1562	1545	1763	1773	1772	1755
1167	1561	1560	1562	1563	1771	1770	1772	1773
1168	1564	1565	1524	1523	1774	1775	1734	1733
1169	1546	1565	1564	1554	1756	1775	1774	1764
1170	1565	1566	1528	1524	1775	1776	1738	1734
1171	1567	1563	1553	1568	1777	1773	1763	1778
1172	1568	1553	1552	1569	1778	1763	1762	1779
1173	1570	1542	1539	1571	1780	1752	1749	1781
1174	1571	1539	1515	1504	1781	1749	1725	1714
1175	1572	1570	1571	1573	1782	1780	1781	1783
1176	1556	1561	1574	1572	1766	1771	1784	1782
1177	1500	1548	1573	1502	1710	1758	1783	1712
1178	1573	1571	1504	1502	1783	1781	1714	1712
1179	1548	1556	1572	1573	1758	1766	1782	1783
1180	1543	1542	1575	1576	1753	1752	1785	1786
1181	1542	1570	1577	1575	1752	1780	1787	1785
1182	1570	1572	1574	1577	1780	1782	1784	1787
1183	1567	1574	1561	1563	1777	1784	1771	1773
1184	1578	1579	1575	1577	1788	1789	1785	1787
1185	1579	1580	1576	1575	1789	1790	1786	1785
1186	1567	1578	1577	1574	1777	1788	1787	1784
1187	1578	1567	1568	1581	1788	1777	1778	1791
1188	1582	608	559	1521	1792	842	793	1731
1189	1583	610	608	1582	1793	844	842	1792
1190	1584	1583	1582	1541	1794	1793	1792	1751
1191	1584	1543	1576	1585	1794	1753	1786	1795
1192	1541	1582	1521	1519	1751	1792	1731	1729
1193	1543	1584	1541	1540	1753	1794	1751	1750
1194	1586	1580	1587	1588	1796	1790	1797	1798
1195	1589	1586	1588	1590	1799	1796	1798	1800
1196	1591	619	610	1583	1801	853	844	1793
1197	1583	1584	1585	1591	1793	1794	1795	1801
1198	1589	621	619	1591	1799	855	853	1801
1199	1580	1579	1592	1587	1790	1789	1802	1797
1200	1579	1578	1581	1592	1789	1788	1791	1802
1201	1581	1568	1569	1593	1791	1778	1779	1803
1202	1585	1576	1580	1586	1795	1786	1790	1796
1203	1591	1585	1586	1589	1801	1795	1796	1799
1204	621	1589	1590	624	855	1799	1800	858
1205	1590	1588	1594	1595	1800	1798	1804	1805
1206	1588	1587	1596	1594	1798	1797	1806	1804
1207	1587	1592	1597	1596	1797	1802	1807	1806
1208	1566	1533	1532	1528	1776	1743	1742	1738
1209	1566	1544	1538	1533	1776	1754	1748	1743
1210	1565	1546	1544	1566	1775	1756	1754	1776
1211	1592	1581	1593	1597	1802	1791	1803	1807
1212	1477	1476	1531	1598	1687	1686	1741	1808
1213	1512	1477	1598	1513	1722	1687	1808	1723
1214	1488	1466	552	556	1698	1676	786	790
1215	624	1590	1595	630	858	1800	1805	864
1216	1599	1600	1601	1507	1809	1810	1811	1717
1217	1600	1602	1603	1601	1810	1812	1813	1811
1218	1602	1604	1605	1603	1812	1814	1815	1813
1219	1604	1471	1606	1605	1814	1681	1816	1815
1220	1471	1473	1607	1606	1681	1683	1817	1816
1221	1473	1491	1608	1607	1683	1701	1818	1817
1222	1491	1498	1529	1608	1701	1708	1739	1818
1223	1600	1609	1610	1602	1810	1819	1820	1812
1224	1599	1525	1609	1600	1809	1735	1819	1810
1225	1609	1525	1527	1611	1819	1735	1737	1821
1226	1599	1507	1510	1525	1809	1717	1720	1735
1227	1507	1601	1612	1508	1717	1811	1822	1718
1228	1601	1603	1613	1612	1811	1813	1823	1822
1229	1603	1605	1614	1613	1813	1815	1824	1823
1230	1605	1606	1615	1614	1815	1816	1825	1824
1231	1606	1607	1616	1615	1816	1817	1826	1825
1232	1607	1608	1617	1616	1817	1818	1827	1826
1233	1608	1529	1530	1617	1818	1739	1740	1827
1234	1610	1609	1611	1618	1820	1819	1821	1828
1235	1602	1610	1468	1604	1812	1820	1678	1814
1236	1508	1612	1619	1511	1718	1822	1829	1721
1237	1612	1613	1620	1619	1822	1823	1830	1829
1238	1613	1614	1457	1620	1823	1824	1667	1830
1239	1614	1615	1458	1457	1824	1825	1668	1667
1240	1615	1616	1461	1458	1825	1826	1671	1668
1241	1616	1617	1463	1461	1826	1827	1673	1671
1242	1531	1494	1621	1622	1741	1704	1831	1832
1243	1598	1531	1622	1623	1808	1741	1832	1833
1244	1617	1530	1465	1463	1827	1740	1675	1673
1245	1494	1493	1624	1621	1704	1703	1834	1831
1246	1513	1598	1623	1625	1723	1808	1833	1835
1247	1493	1496	1626	1624	1703	1706	1836	1834
1248	1514	1513	1625	1627	1724	1723	1835	1837
1249	1526	1514	1627	1628	1736	1724	1837	1838
1250	1611	1527	1629	1630	1821	1737	1839	1840
1251	1618	1611	1630	1631	1828	1821	1840	1841
1252	1527	1526	1628	1629	1737	1736	1838	1839
1253	1468	1610	1618	1469	1678	1820	1828	1679
1254	1469	1618	1631	1632	1679	1828	1841	1842
1255	1470	1469	1632	1633	1680	1679	1842	1843
1256	1604	1468	1467	1471	1814	1678	1677	1681
1257	1489	1470	1633	1634	1699	1680	1843	1844
1258	1499	1489	1634	1635	1709	1699	1844	1845
1259	1506	1499	1635	1636	1716	1709	1845	1846
1260	1496	1501	1637	1626	1706	1711	1847	1836
1261	1501	1503	1638	1637	1711	1713	1848	1847
1262	1503	1505	1639	1638	1713	1715	1849	1848
1263	1505	1516	1640	1639	1715	1726	1850	1849
1264	1516	1518	1641	1640	1726	1728	1851	1850
1265	546	1506	1636	674	780	1716	1846	908
1266	1518	1520	1642	1641	1728	1730	1852	1851
1267	1520	1522	1643	1642	1730	1732	1853	1852
1268	1511	1474	1477	1512	1721	1684	1687	1722
1269	1522	558	677	1643	1732	792	911	1853
1270	1622	1621	1644	1645	1832	1831	1854	1855
1271	1511	1619	1478	1474	1721	1829	1688	1684
1272	1623	1622	1645	1646	1833	1832	1855	1856
1273	1621	1624	1647	1644	1831	1834	1857	1854
1274	1625	1623	1646	1648	1835	1833	1856	1858
1275	1624	1626	1649	1647	1834	1836	1859	1857
1276	1627	1625	1648	1650	1837	1835	1858	1860
1277	1628	1627	1650	1651	1838	1837	1860	1861
1278	1630	1629	1652	1653	1840	1839	1862	1863
1279	1631	1630	1653	1654	1841	1840	1863	1864
1280	1629	1628	1651	1652	1839	1838	1861	1862
1281	1632	1631	1654	1655	1842	1841	1864	1865
1282	1633	1632	1655	1656	1843	1842	1865	1866
1283	1634	1633	1656	1657	1844	1843	1866	1867
1284	1635	1634	1657	1658	1845	1844	1867	1868
1285	1636	1635	1658	1659	1846	1845	1868	1869
1286	1626	1637	1660	1649	1836	1847	1870	1859
1287	1637	1638	1661	1660	1847	1848	1871	1870
1288	1638	1639	1662	1661	1848	1849	1872	1871
1289	1639	1640	1663	1662	1849	1850	1873	1872
1290	1640	1641	1664	1663	1850	1851	1874	1873
1291	674	1636	1659	699	908	1846	1869	933
1292	1641	1642	1665	1664	1851	1852	1875	1874
1293	1642	1643	1666	1665	1852	1853	1876	1875
1294	1643	677	702	1666	1853	911	936	1876
1295	1619	1620	1482	1478	1829	1830	1692	1688
1296	1620	1457	1460	1482	1830	1667	1670	1692
1297	1417	1411	1413	1418	1877	1878	1879	1880
1298	1411	1412	1414	1413	1878	1881	1882	1879
1299	1412	1415	1416	1414	1881	1883	1884	1882
1300	1415	1419	1420	1416	1883	1885	1886	1884
1301	1421	1417	1418	1422	1887	1877	1880	1888
1302	1419	1423	1424	1420	1885	1889	1890	1886
1303	1443	1421	1422	1444	1891	1887	1888	1892
1304	1423	1425	1426	1424	1889	1893	1894	1890
1305	1425	1427	1429	1426	1893	1895	1896	1894
1306	1427	1428	1430	1429	1895	1897	1898	1896
1307	1428	1431	1432	1430	1897	1899	1900	1898
1308	1431	1433	1434	1432	1899	1901	1902	1900
1309	1433	1435	1436	1434	1901	1903	1904	1902
1310	1435	1437	1438	1436	1903	1905	1906	1904
1311	1437	1439	1440	1438	1905	1907	1908	1906
1312	1439	1441	1442	1440	1907	1909	1910	1908
1313	1441	461	462	1442	1909	971	972	1910
1314	1445	1443	1444	1446	1911	1891	1892	1912
1315	1447	1445	1446	1448	1913	1911	1912	1914
1316	1449	1447	1448	1450	1915	1913	1914	1916
1317	1451	1449	1450	1452	1917	1915	1916	1918
1318	1453	1451	1452	1454	1919	1917	1918	1920
1319	1455	1453	1454	1456	1921	1919	1920	1922
1320	467	1455	1456	468	985	1921	1922	986
1321	1413	1414	1645	1644	1879	1882	1923	1924
1322	1647	1644	1854	1857	1925	1924	1926	1927
1323	1418	1413	1644	1647	1880	1879	1924	1925
1324	1644	1645	1855	1854	1924	1923	1928	1926
1325	1645	1646	1856	1855	1923	1929	1930	1928
1326	1414	1416	1646	1645	1882	1884	1929	1923
1327	1646	1648	1858	1856	1929	1931	1932	1930
1328	1416	1420	1648	1646	1884	1886	1931	1929
1329	1649	1647	1857	1859	1933	1925	1927	1934
1330	1422	1418	1647	1649	1888	1880	1925	1933
1331	1648	1650	1860	1858	1931	1935	1936	1932
1332	1420	1424	1650	1648	1886	1890	1935	1931
1333	1660	1649	1859	1870	1937	1933	1934	1938
1334	1444	1422	1649	1660	1892	1888	1933	1937
1335	1650	1651	1861	1860	1935	1939	1940	1936
1336	1424	1426	1651	1650	1890	1894	1939	1935
1337	1426	1429	1652	1651	1894	1896	1941	1939
1338	1651	1652	1862	1861	1939	1941	1942	1940
1339	1429	1430	1653	1652	1896	1898	1943	1941
1340	1652	1653	1863	1862	1941	1943	1944	1942
1341	1653	1654	1864	1863	1943	1945	1946	1944
1342	1430	1432	1654	1653	1898	1900	1945	1943
1343	1654	1655	1865	1864	1945	1947	1948	1946
1344	1432	1434	1655	1654	1900	1902	1947	1945
1345	1655	1656	1866	1865	1947	1949	1950	1948
1346	1434	1436	1656	1655	1902	1904	1949	1947
1347	1656	1657	1867	1866	1949	1951	1952	1950
1348	1436	1438	1657	1656	1904	1906	1951	1949
1349	1657	1658	1868	1867	1951	1953	1954	1952
1350	1438	1440	1658	1657	1906	1908	1953	1951
1351	1658	1659	1869	1868	1953	1955	1956	1954
1352	1440	1442	1659	1658	1908	1910	1955	1953
1353	1659	699	933	1869	1955	1021	1022	1956
1354	1442	462	699	1659	1910	972	1021	1955
1355	1661	1660	1870	1871	1957	1937	1938	1958
1356	1446	1444	1660	1661	1912	1892	1937	1957
1357	1662	1661	1871	1872	1959	1957	1958	1960
1358	1448	1446	1661	1662	1914	1912	1957	1959
1359	1663	1662	1872	1873	1961	1959	1960	1962
1360	1450	1448	1662	1663	1916	1914	1959	1961
1361	1664	1663	1873	1874	1963	1961	1962	1964
1362	1452	1450	1663	1664	1918	1916	1961	1963
1363	1665	1664	1874	1875	1965	1963	1964	1966
1364	1454	1452	1664	1665	1920	1918	1963	1965
1365	1666	1665	1875	1876	1967	1965	1966	1968
1366	1456	1454	1665	1666	1922	1920	1965	1967
1367	702	1666	1876	936	1035	1967	1968	1036
1368	468	1456	1666	702	986	1922	1967	1035
