1	26.658	19.05	7.874
2	25.67873	21.08401	7.874
3	28.39474	21.38989	7.874
4	29.62261	19.05	7.874
5	26.658	19.05	5.249333
6	25.67873	21.08401	5.249333
7	28.39474	21.38989	5.249333
8	29.62261	19.05	5.249333
9	24.51918	23.08205	7.874
10	26.97461	23.61708	7.874
11	24.51918	23.08205	5.249333
12	26.97461	23.61708	5.249333
13	23.24149	25.00574	7.874
14	25.38411	25.72627	7.874
15	23.24149	25.00574	5.249333
16	25.38411	25.72627	5.249333
17	2.679483	23.44208	7.874
18	2.811306	21.22494	7.874
19	0	21.23536	7.874
20	0	23.46336	7.874
21	2.679483	23.44208	5.249333
22	2.811306	21.22494	5.249333
23	0	21.23536	5.249333
24	0	23.46336	5.249333
25	16.07748	29.95466	7.874
26	17.84708	29.38367	7.874
27	18.73576	27.97721	7.874
28	16.53654	28.17991	7.874
29	16.07748	29.95466	5.249333
30	17.84708	29.38367	5.249333
31	18.73576	27.97721	5.249333
32	16.53654	28.17991	5.249333
33	14.05042	30.59289	7.874
34	14.27291	28.64863	7.874
35	14.05042	30.59289	5.249333
36	14.27291	28.64863	5.249333
37	11.86876	31.21868	7.874
38	11.97032	29.1348	7.874
39	11.86876	31.21868	5.249333
40	11.97032	29.1348	5.249333
41	9.591042	31.77507	7.874
42	9.627606	29.57586	7.874
43	9.591042	31.77507	5.249333
44	9.627606	29.57586	5.249333
45	7.24669	32.22994	7.874
46	7.251105	29.9396	7.874
47	7.24669	32.22994	5.249333
48	7.251105	29.9396	5.249333
49	4.855845	32.56487	7.874
50	4.848677	30.20857	7.874
51	4.855845	32.56487	5.249333
52	4.848677	30.20857	5.249333
53	2.435213	32.76952	7.874
54	2.428742	30.37321	7.874
55	2.435213	32.76952	5.249333
56	2.428742	30.37321	5.249333
57	16.6074	31.42386	7.874
58	14.43153	32.38234	7.874
59	16.6074	31.42386	5.249333
60	14.43153	32.38234	5.249333
61	18.72499	30.21855	7.874
62	18.72499	30.21855	5.249333
63	17.5111	32.68138	7.874
64	19.68283	31.18639	7.874
65	17.5111	32.68138	5.249333
66	19.68283	31.18639	5.249333
67	20.41786	28.57351	7.874
68	20.41786	28.57351	5.249333
69	19.76393	26.36502	7.874
70	17.35106	26.39085	7.874
71	19.76393	26.36502	5.249333
72	17.35106	26.39085	5.249333
73	14.85754	26.68641	7.874
74	14.85754	26.68641	5.249333
75	12.37263	27.04836	7.874
76	12.37263	27.04836	5.249333
77	9.897970000000001	27.38974	7.874
78	9.897970000000001	27.38974	5.249333
79	7.426282	27.67472	7.874
80	7.426282	27.67472	5.249333
81	4.9532	27.88627	7.874
82	4.9532	27.88627	5.249333
83	2.477497	28.0159	7.874
84	2.477497	28.0159	5.249333
85	15.22657	33.99764	7.874
86	15.22657	33.99764	5.249333
87	12.18253	33.22657	7.874
88	12.18253	33.22657	5.249333
89	20.8337	24.62519	7.874
90	18.23205	24.58155	7.874
91	20.8337	24.62519	5.249333
92	18.23205	24.58155	5.249333
93	15.56948	24.75068	7.874
94	15.56948	24.75068	5.249333
95	12.92226	24.99718	7.874
96	12.92226	24.99718	5.249333
97	10.30546	25.24306	7.874
98	10.30546	25.24306	5.249333
99	7.712708	25.45236	7.874
100	7.712708	25.45236	5.249333
101	5.135113	25.60884	7.874
102	5.135113	25.60884	5.249333
103	2.565788	25.70496	7.874
104	2.565788	25.70496	5.249333
105	12.84374	35.12616	7.874
106	12.84374	35.12616	5.249333
107	9.850771999999999	33.94477	7.874
108	9.850771999999999	33.94477	5.249333
109	21.87338	22.8059	7.874
110	21.87338	22.8059	5.249333
111	19.10771	22.74907	7.874
112	19.10771	22.74907	5.249333
113	16.30766	22.83603	7.874
114	16.30766	22.83603	5.249333
115	13.52667	22.98489	7.874
116	13.52667	22.98489	5.249333
117	10.7795	23.14106	7.874
118	10.7795	23.14106	5.249333
119	8.061794000000001	23.27671	7.874
120	8.061794000000001	23.27671	5.249333
121	5.364543	23.37901	7.874
122	5.364543	23.37901	5.249333
123	10.37776	36.05925	7.874
124	10.37776	36.05925	5.249333
125	7.449033	34.52013	7.874
126	7.449033	34.52013	5.249333
127	22.839	20.93876	7.874
128	22.839	20.93876	5.249333
129	19.9432	20.90178	7.874
130	19.9432	20.90178	5.249333
131	23.696	19.05	7.874
132	23.696	19.05	5.249333
133	17.03798	20.9366	7.874
134	17.03798	20.9366	5.249333
135	14.15134	21.00467	7.874
136	14.15134	21.00467	5.249333
137	11.29038	21.0788	7.874
138	11.29038	21.0788	5.249333
139	8.451071000000001	21.14428	7.874
140	8.451071000000001	21.14428	5.249333
141	5.626721	21.19408	7.874
142	5.626721	21.19408	5.249333
143	7.845175	36.79245	7.874
144	7.845173	36.79245	5.249333
145	4.994829	34.93905	7.874
146	4.994825	34.93906	5.249333
147	31.31461	14.30483	7.874
148	27.89697	13.85742	7.874
149	31.31461	14.30483	5.249333
150	27.89697	13.85742	5.249333
151	28.70516	8.745407	7.874
152	32.53964	9.1831	7.874
153	28.70516	8.745407	5.249333
154	32.53964	9.1831	5.249338
155	2.505926	35.19384	7.874
156	2.505927	35.19386	5.249333
157	5.258482	37.31887	7.874
158	5.25845	37.31892	5.249334
159	32.78816	3.559259	7.874
160	28.76561	3.551844	7.874
161	32.78816	3.559261	5.249334
162	28.76561	3.551844	5.249333
163	31.94092	-2.313831	7.874
164	27.87984	-1.703713	7.874
165	31.94093	-2.31383	5.249333
166	27.87984	-1.703713	5.249333
167	29.54384	-8.117986	7.874
168	25.83105	-6.870324	7.874
169	29.54384	-8.117986999999999	5.249333
170	25.83105	-6.870324	5.249333
171	2.637815	37.63763	7.874
172	2.637821	37.63771	5.249381
173	21.87039	26.83468	7.874
174	21.87039	26.83468	5.249333
175	23.6314	27.69781	7.874
176	23.6314	27.69781	5.249333
177	25.90171	-13.60748	7.874
178	22.62051	-11.75038	7.874
179	25.90171	-13.6075	5.249337
180	22.62051	-11.75039	5.249333
181	21.00254	-18.48507	7.874
182	18.27951	-16.05504	7.874
183	21.00255	-18.48512	5.249369
184	18.27952	-16.05506	5.249333
185	14.9187	-22.39371	7.874
186	12.89789	-19.46834	7.874
187	14.91873	-22.39377	5.24939
188	12.8979	-19.46835	5.249334
189	7.817496	-24.98034	7.874
190	6.685371	-21.68275	7.874
191	7.817528	-24.98038	5.249372
192	6.685379	-21.68276	5.249334
193	0	11.66163	7.874
194	2.517992	11.47169	7.874
195	2.033296	7.607907	7.874
196	0	7.875	7.874
197	0	11.66163	5.249333
198	2.517992	11.47169	5.249333
199	2.033296	7.607907	5.249333
200	0	7.875	5.249333
201	36.43081	-3.325949	7.874
202	36.91918	3.211678	7.874
203	41.05021	2.864096	7.874
204	40.9207	-4.338068	7.874
205	36.43081	-3.325949	5.249333
206	36.91919	3.211681	5.249337
207	41.05021	2.864101	5.249339
208	40.9207	-4.338067	5.249333
209	36.26369	9.447037	7.87402
210	39.98774	9.710974	7.874039
211	36.2637	9.447037999999999	5.24935
212	39.98775	9.710974999999999	5.249366
213	5.519344	39.03044	7.874
214	2.765837	39.34287	7.874181
215	2.893859	41.04812	7.874362
216	5.780207	40.74202	7.874
217	5.519272	39.03052	5.249357
218	2.765852	39.343	5.249473
219	2.893876	41.04827	5.249602
220	5.780125	40.74209	5.2494
221	8.248462999999999	38.51133	7.874
222	8.65175	40.23021	7.874
223	8.248457999999999	38.51133	5.249336
224	8.651743	40.23021	5.24934
225	10.92802	37.78799	7.874
226	11.47828	39.51673	7.874
227	10.92802	37.78799	5.249334
228	11.47827	39.51673	5.249334
229	13.54755	36.86477	7.874
230	14.25136	38.60339	7.874
231	13.54755	36.86477	5.249333
232	14.25136	38.60339	5.249333
233	16.10495	35.73975	7.874
234	16.98333	37.48185	7.874
235	16.10495	35.73975	5.249333
236	16.98333	37.48185	5.249333
237	23.18342	31.23952	7.874
238	20.93831	32.91917	7.874
239	22.19378	34.65196	7.874
240	24.63969	32.95768	7.874
241	23.18342	31.23952	5.249333
242	20.93831	32.91917	5.249333
243	22.19378	34.65196	5.249333
244	24.63969	32.95768	5.249333
245	18.57763	34.41988	7.874
246	19.64417	36.15839	7.874
247	18.57763	34.41988	5.249333
248	19.64417	36.15839	5.249333
249	25.29356	29.3949	7.874
250	26.95573	31.09198	7.874
251	25.29356	29.3949	5.249333
252	26.95573	31.09198	5.249333
253	27.31797	27.33426	7.874
254	29.25182	28.94224	7.874
255	27.31797	27.33426	5.249333
256	29.25182	28.94224	5.249333
257	34.63284	15.10603	7.874
258	37.95106	15.90722	7.874
259	34.63284	15.10602	5.249336
260	37.95106	15.90722	5.249338
261	29.19221	25.1009	7.874
262	31.4098	26.58471	7.874
263	29.19221	25.1009	5.249333
264	31.4098	26.58471	5.249333
265	32.39098	20.21544	7.874
266	35.15936	21.38087	7.874
267	32.39098	20.21544	5.249333
268	35.15936	21.38087	5.249334
269	30.8955	22.71589	7.874
270	33.39626	24.04189	7.874
271	30.8955	22.71589	5.249333
272	33.39626	24.04189	5.249333
273	0	35.27938	7.874
274	0	37.74435	7.874
275	0	35.2794	5.249335
276	0	37.74442	5.249333
277	21.72715	29.52136	7.874
278	21.72715	29.52136	5.249333
279	0	15.37254	7.874
280	2.83356	15.26967	7.874
281	0	15.37254	5.249333
282	2.83356	15.26967	5.249333
283	0	32.83835	7.874
284	0	32.83836	5.249333
285	0	25.73733	7.874
286	0	25.73733	5.249333
287	0	30.42861	7.874
288	0	30.42861	5.249333
289	0	28.05952	7.874
290	0	28.05952	5.249333
291	2.962	19.05	7.874
292	0	19.05	7.874
293	2.962	19.05	5.249333
294	0	19.05	5.249333
295	5.924	19.05	7.874
296	5.924	19.05	5.249333
297	20.734	19.05	7.874
298	17.772	19.05	7.874
299	20.734	19.05	5.249333
300	17.772	19.05	5.249333
301	14.81	19.05	7.874
302	14.81	19.05	5.249333
303	2.972003	-9.45548	7.874
304	0	-9.858549999999999	7.874
305	0	-7.875	7.874
306	2.026287	-7.609682	7.874
307	2.972003	-9.45548	5.249333
308	0	-9.858549999999999	5.249333
309	0	-7.875	5.249333
310	2.026287	-7.609682	5.249333
311	7.110199	-10.03438	7.874
312	3.697004	-11.42847	7.874
313	5.699435	-8.290621	7.874
314	7.110199	-10.03438	5.249333
315	3.697004	-11.42847	5.249333
316	5.699435	-8.290621	5.249333
317	0	-11.90867	7.874
318	0	-11.90867	5.249333
319	10.00484	-7.847489	7.874
320	7.988149	-6.470992	7.874
321	10.00484	-7.847489	5.249333
322	7.988149	-6.470992	5.249333
323	9.704872999999999	-4.128809	7.874
324	5.565824	-5.571036	7.874
325	6.820933	-3.935741	7.874
326	9.704872999999999	-4.128809	5.249333
327	5.565824	-5.571036	5.249333
328	6.820933	-3.935741	5.249333
329	14.34942	1.913949	7.874
330	13.66665	-1.725086	7.874
331	10.77394	-1.392204	7.874
332	11.17569	1.639955	7.874
333	14.34942	1.913949	5.249333
334	13.66665	-1.725086	5.249333
335	10.77394	-1.392204	5.249333
336	11.17569	1.639955	5.249333
337	5.668652	14.95722	7.874
338	5.668652	14.95722	5.249333
339	8.885999999999999	19.05	7.874
340	8.885999999999999	19.05	5.249333
341	8.522004000000001	14.45759	7.874
342	8.522004000000001	14.45759	5.249333
343	7.605546	-2.030334	7.874
344	7.605546	-2.030334	5.249333
345	7.874945	0.01277	7.874
346	7.874945	0.01277	5.249333
347	5.019853	10.89526	7.874
348	5.019853	10.89526	5.249333
349	7.549025	9.950708000000001	7.874
350	7.549025	9.950708000000001	5.249333
351	3.918578	6.83053	7.874
352	3.918578	6.83053	5.249333
353	11.4493	14.07234	7.874
354	10.4072	8.867032	7.874
355	11.4493	14.07234	5.249333
356	10.4072	8.867032	5.249333
357	14.58203	14.29807	7.874
358	14.28437	9.885135	7.874
359	14.58203	14.29807	5.249333
360	14.28437	9.885135	5.249333
361	17.88332	5.52369	7.874
362	21.38326	4.825903	7.874
363	20.77712	0.299068	7.874
364	17.5249	1.305042	7.874
365	17.88332	5.52369	5.249333
366	21.38326	4.825903	5.249333
367	20.77712	0.299068	5.249333
368	17.5249	1.305042	5.249333
369	24.98139	4.072996	7.874
370	24.19445	-0.780085	7.874
371	24.98139	4.072996	5.249333
372	24.19445	-0.780085	5.249333
373	22.46073	-5.490461	7.874
374	22.46073	-5.490461	5.249333
375	11.848	19.05	7.874
376	11.848	19.05	5.249333
377	17.87361	14.34912	7.874
378	17.87361	14.34912	5.249333
379	17.899	9.858506	7.874
380	17.899	9.858506	5.249333
381	3.930388	-6.823927	7.874
382	3.930388	-6.823927	5.249333
383	14.40409	5.797573	7.874
384	14.40409	5.797573	5.249333
385	10.97489	4.956558	7.874
386	10.97489	4.956558	5.249333
387	12.21894	-5.024794	7.874
388	12.21894	-5.024794	5.249333
389	6.805657	3.961486	7.874
390	5.548142	5.588236	7.874
391	6.805657	3.961486	5.249333
392	5.548142	5.588236	5.249333
393	8.412008999999999	-12.03739	7.874
394	4.361565	-13.60404	7.874
395	8.412008999999999	-12.03739	5.249333
396	4.361565	-13.60404	5.249333
397	0	-14.14299	7.874
398	0	-14.14299	5.249333
399	11.88973	-9.577766	7.874
400	11.88973	-9.577766	5.249333
401	9.747503999999999	-14.28261	7.874
402	5.0452	-16.01971	7.874
403	9.747503999999999	-14.28261	5.249333
404	5.0452	-16.01971	5.249333
405	13.81914	-11.56308	7.874
406	13.81914	-11.56308	5.249333
407	14.61231	-6.407928	7.874
408	14.61231	-6.407928	5.249333
409	7.598801	2.055502	7.874
410	7.598801	2.055502	5.249333
411	0	-16.61796	7.874
412	0	-16.61796	5.249333
413	11.21322	-16.76117	7.874
414	15.91586	-13.73722	7.874
415	11.21322	-16.76117	5.249333
416	15.91586	-13.73722	5.249333
417	5.80143	-18.70333	7.874
418	5.801431	-18.70333	5.249333
419	0	-19.37427	7.874
420	0	-19.37427	5.249333
421	0	-22.45341	7.874
422	0	-22.45342	5.249334
423	16.48717	-2.721102	7.874
424	16.48717	-2.721102	5.249333
425	17.06215	-8.076857	7.874
426	17.06215	-8.076857	5.249333
427	19.37928	-4.053963	7.874
428	19.37928	-4.053963	5.249333
429	19.69844	-9.889227999999999	7.874
430	19.69844	-9.889229	5.249333
431	0	-25.908	7.874
432	0	-25.90802	5.249337
433	21.18653	14.16796	7.874
434	21.18653	14.16796	5.249333
435	21.44123	9.445221999999999	7.874
436	21.44123	9.445221999999999	5.249333
437	25.01748	8.978861	7.874
438	25.01748	8.978861	5.249333
439	24.51818	13.94735	7.874
440	24.51818	13.94735	5.249333
441	34.48217	-9.961257	7.874
442	34.48217	-9.961259	5.249333
443	31.14186	-16.41716	7.874
444	31.14186	-16.41721	5.249361
445	25.6213	-23.19658	7.87426
446	25.62132	-23.19669	5.249598
447	0	39.44717	7.874
448	0	39.44729	5.249326
449	18.27862	-28.69754	7.874441
450	18.27868	-28.69766	5.249767
451	9.629288000000001	-32.25393	7.874295
452	9.629369000000001	-32.254	5.249628
453	0	-33.529	7.874
454	0	-33.52904	5.249335
455	39.4205	-11.80453	7.874
456	39.4205	-11.80453	5.249334
457	36.38202	-19.22684	7.874
458	36.38201	-19.22689	5.249386
459	30.24006	-27.90808	7.87452
460	30.24007	-27.90821	5.24985
461	0	41.15	7.874
462	0	41.15013	5.24931
463	21.63855	-35.00137	7.874881
464	21.63861	-35.00149	5.250184
465	11.44108	-39.52751	7.874589
466	11.44118	-39.52758	5.249911
467	0	-41.15	7.874
468	0	-41.15004	5.249331
469	26.658	19.05	2.624667
470	25.67873	21.08401	2.624667
471	28.39474	21.38989	2.624667
472	29.62261	19.05	2.624667
473	24.51918	23.08205	2.624667
474	26.97461	23.61708	2.624667
475	23.24149	25.00574	2.624667
476	25.38411	25.72627	2.624667
477	2.679483	23.44208	2.624667
478	2.811306	21.22494	2.624667
479	0	21.23536	2.624667
480	0	23.46336	2.624667
481	16.07748	29.95466	2.624667
482	17.84708	29.38367	2.624667
483	18.73576	27.97721	2.624667
484	16.53654	28.17991	2.624667
485	14.05042	30.59289	2.624667
486	14.27291	28.64863	2.624667
487	11.86876	31.21868	2.624667
488	11.97032	29.1348	2.624667
489	9.591042	31.77507	2.624667
490	9.627606	29.57586	2.624667
491	7.24669	32.22994	2.624667
492	7.251105	29.9396	2.624667
493	4.855844	32.56487	2.624667
494	4.848677	30.20857	2.624667
495	2.435213	32.76953	2.624667
496	2.428742	30.37321	2.624667
497	16.6074	31.42386	2.624667
498	14.43153	32.38234	2.624667
499	18.72499	30.21855	2.624667
500	17.5111	32.68138	2.624667
501	19.68283	31.18639	2.624667
502	20.41786	28.57351	2.624667
503	19.76393	26.36502	2.624667
504	17.35106	26.39085	2.624667
505	14.85754	26.68641	2.624667
506	12.37263	27.04836	2.624667
507	9.897970000000001	27.38974	2.624667
508	7.426282	27.67472	2.624667
509	4.9532	27.88627	2.624667
510	2.477497	28.0159	2.624667
511	15.22657	33.99764	2.624667
512	12.18253	33.22657	2.624667
513	20.8337	24.62519	2.624667
514	18.23205	24.58155	2.624667
515	15.56948	24.75068	2.624667
516	12.92226	24.99718	2.624667
517	10.30546	25.24306	2.624667
518	7.712708	25.45236	2.624667
519	5.135113	25.60884	2.624667
520	2.565788	25.70496	2.624667
521	12.84374	35.12616	2.624667
522	9.850771999999999	33.94477	2.624667
523	21.87338	22.8059	2.624667
524	19.10771	22.74907	2.624667
525	16.30766	22.83603	2.624667
526	13.52667	22.98489	2.624667
527	10.7795	23.14106	2.624667
528	8.061794000000001	23.27671	2.624667
529	5.364543	23.37901	2.624667
530	10.37776	36.05925	2.624667
531	7.449031	34.52013	2.624667
532	22.839	20.93876	2.624667
533	19.9432	20.90178	2.624667
534	23.696	19.05	2.624667
535	17.03798	20.9366	2.624667
536	14.15134	21.00467	2.624667
537	11.29038	21.0788	2.624667
538	8.451071000000001	21.14428	2.624667
539	5.626721	21.19408	2.624667
540	7.845164	36.79247	2.624668
541	4.994815	34.93908	2.624668
542	31.31462	14.30483	2.624668
543	27.89697	13.85742	2.624667
544	28.70516	8.745407	2.624668
545	32.53965	9.183101000000001	2.624672
546	2.505929	35.19388	2.624676
547	5.258422	37.31896	2.62468
548	32.78816	3.559263	2.624668
549	28.76561	3.551845	2.624667
550	31.94093	-2.31383	2.624667
551	27.87984	-1.703713	2.624667
552	29.54384	-8.117991	2.624668
553	25.83105	-6.870325	2.624667
554	2.637837	37.63777	2.624723
555	21.87039	26.83468	2.624667
556	23.6314	27.69781	2.624667
557	25.90172	-13.60753	2.624681
558	22.62052	-11.7504	2.624668
559	21.00257	-18.48518	2.624727
560	18.27953	-16.05508	2.624676
561	14.91876	-22.39383	2.624759
562	12.89791	-19.46838	2.624681
563	7.817564	-24.98042	2.624731
564	6.685394	-21.68278	2.624678
565	0	11.66163	2.624667
566	2.517992	11.47169	2.624667
567	2.033296	7.607907	2.624667
568	0	7.875	2.624667
569	36.43081	-3.325948	2.624667
570	36.91919	3.211684	2.624672
571	41.05021	2.864105	2.624675
572	40.9207	-4.338067	2.624667
573	36.2637	9.447039	2.624682
574	39.98776	9.710977	2.624695
575	5.519236	39.03058	2.62471
576	2.765886	39.34309	2.624781
577	2.89392	41.0484	2.624882
578	5.780089	40.74217	2.624757
579	8.248443	38.51135	2.624675
580	8.651721999999999	40.23022	2.624681
581	10.92802	37.78799	2.624668
582	11.47827	39.51673	2.624669
583	13.54755	36.86478	2.624667
584	14.25135	38.60339	2.624667
585	16.10495	35.73975	2.624667
586	16.98333	37.48185	2.624667
587	23.18342	31.23952	2.624667
588	20.93831	32.91917	2.624667
589	22.19378	34.65196	2.624667
590	24.63969	32.95768	2.624667
591	18.57763	34.41988	2.624667
592	19.64417	36.15839	2.624667
593	25.29356	29.3949	2.624667
594	26.95573	31.09198	2.624667
595	27.31797	27.33426	2.624667
596	29.25182	28.94224	2.624667
597	34.63284	15.10602	2.624671
598	37.95107	15.90722	2.624673
599	29.19221	25.1009	2.624667
600	31.4098	26.58471	2.624667
601	32.39098	20.21544	2.624667
602	35.15936	21.38087	2.624667
603	30.8955	22.71589	2.624667
604	33.39626	24.04189	2.624667
605	0	35.27943	2.624671
606	0	37.74447	2.624667
607	21.72715	29.52136	2.624667
608	0	15.37254	2.624667
609	2.83356	15.26967	2.624667
610	0	32.83836	2.624668
611	0	25.73733	2.624667
612	0	30.42861	2.624667
613	0	28.05952	2.624667
614	2.962	19.05	2.624667
615	0	19.05	2.624667
616	5.924	19.05	2.624667
617	20.734	19.05	2.624667
618	17.772	19.05	2.624667
619	14.81	19.05	2.624667
620	2.972003	-9.45548	2.624667
621	0	-9.858549999999999	2.624667
622	0	-7.875	2.624667
623	2.026287	-7.609682	2.624667
624	7.110199	-10.03438	2.624667
625	3.697004	-11.42847	2.624667
626	5.699435	-8.290621	2.624667
627	0	-11.90867	2.624667
628	10.00484	-7.847489	2.624667
629	7.988149	-6.470992	2.624667
630	9.704872999999999	-4.128809	2.624667
631	5.565824	-5.571036	2.624667
632	6.820933	-3.935741	2.624667
633	14.34942	1.913949	2.624667
634	13.66665	-1.725086	2.624667
635	10.77394	-1.392204	2.624667
636	11.17569	1.639955	2.624667
637	5.668652	14.95722	2.624667
638	8.885999999999999	19.05	2.624667
639	8.522004000000001	14.45759	2.624667
640	7.605546	-2.030334	2.624667
641	7.874945	0.01277	2.624667
642	5.019853	10.89526	2.624667
643	7.549025	9.950708000000001	2.624667
644	3.918578	6.83053	2.624667
645	11.4493	14.07234	2.624667
646	10.4072	8.867032	2.624667
647	14.58203	14.29807	2.624667
648	14.28437	9.885135	2.624667
649	17.88332	5.52369	2.624667
650	21.38326	4.825903	2.624667
651	20.77712	0.299068	2.624667
652	17.5249	1.305042	2.624667
653	24.98139	4.072996	2.624667
654	24.19445	-0.780085	2.624667
655	22.46073	-5.490462	2.624667
656	11.848	19.05	2.624667
657	17.87361	14.34912	2.624667
658	17.899	9.858506	2.624667
659	3.930388	-6.823927	2.624667
660	14.40409	5.797573	2.624667
661	10.97489	4.956558	2.624667
662	12.21894	-5.024794	2.624667
663	6.805657	3.961486	2.624667
664	5.548142	5.588236	2.624667
665	8.412008999999999	-12.03739	2.624667
666	4.361565	-13.60404	2.624667
667	0	-14.14299	2.624667
668	11.88973	-9.577766	2.624667
669	9.747503999999999	-14.28261	2.624667
670	5.0452	-16.01971	2.624667
671	13.81914	-11.56308	2.624667
672	14.61231	-6.407928	2.624667
673	7.598801	2.055502	2.624667
674	0	-16.61796	2.624667
675	11.21323	-16.76118	2.62467
676	15.91586	-13.73723	2.624669
677	5.801435	-18.70334	2.624669
678	0	-19.37427	2.624667
679	0	-22.45343	2.624671
680	16.48717	-2.721102	2.624667
681	17.06215	-8.076857	2.624667
682	19.37928	-4.053963	2.624667
683	19.69844	-9.889233000000001	2.624667
684	0	-25.90805	2.624675
685	21.18653	14.16796	2.624667
686	21.44123	9.445221999999999	2.624667
687	25.01748	8.978861	2.624667
688	24.51818	13.94735	2.624667
689	34.48217	-9.961269	2.62467
690	31.14186	-16.41726	2.624717
691	25.62133	-23.19678	2.624939
692	0	39.44735	2.624646
693	18.27873	-28.69776	2.625096
694	9.629446	-32.25406	2.624965
695	0	-33.52908	2.62467
696	39.42049	-11.80454	2.624673
697	36.382	-19.22695	2.624757
698	30.24009	-27.90833	2.625183
699	0	41.15021	2.624628
700	21.63868	-35.00161	2.625492
701	11.44128	-39.52766	2.625235
702	0	-41.15007	2.624663
703	26.658	19.05	0
704	25.67873	21.08401	0
705	28.39474	21.38989	0
706	29.62261	19.05	0
707	24.51918	23.08205	0
708	26.97461	23.61708	0
709	23.24149	25.00574	0
710	25.38411	25.72627	0
711	2.679483	23.44208	0
712	2.811306	21.22494	0
713	0	21.23536	0
714	0	23.46336	0
715	16.07748	29.95466	0
716	17.84708	29.38367	0
717	18.73576	27.97721	0
718	16.53654	28.17991	0
719	14.05042	30.59289	0
720	14.27291	28.64863	0
721	11.86876	31.21868	0
722	11.97032	29.1348	0
723	9.591042	31.77507	0
724	9.627606	29.57586	0
725	7.246689	32.22995	0
726	7.251105	29.9396	0
727	4.855841	32.56487	0
728	4.848676	30.20858	0
729	2.435213	32.76954	0
730	2.428742	30.37321	0
731	16.6074	31.42386	0
732	14.43153	32.38234	0
733	18.72499	30.21855	0
734	17.5111	32.68138	0
735	19.68283	31.18639	0
736	20.41786	28.57351	0
737	19.76393	26.36502	0
738	17.35106	26.39085	0
739	14.85754	26.68641	0
740	12.37263	27.04836	0
741	9.897970000000001	27.38974	0
742	7.426282	27.67472	0
743	4.9532	27.88627	0
744	2.477497	28.0159	0
745	15.22657	33.99764	0
746	12.18253	33.22657	0
747	20.8337	24.62519	0
748	18.23205	24.58155	0
749	15.56948	24.75068	0
750	12.92226	24.99718	0
751	10.30546	25.24306	0
752	7.712708	25.45236	0
753	5.135113	25.60884	0
754	2.565787	25.70496	0
755	12.84374	35.12616	0
756	9.850771	33.94477	0
757	21.87338	22.8059	0
758	19.10771	22.74907	0
759	16.30766	22.83603	0
760	13.52667	22.98489	0
761	10.7795	23.14106	0
762	8.061794000000001	23.27671	0
763	5.364543	23.37901	0
764	10.37776	36.05926	0
765	7.449026	34.52015	0
766	22.839	20.93876	0
767	19.9432	20.90178	0
768	23.696	19.05	0
769	17.03798	20.9366	0
770	14.15134	21.00467	0
771	11.29038	21.0788	0
772	8.451071000000001	21.14428	0
773	5.626721	21.19408	0
774	7.84515	36.79248	0
775	4.994806	34.9391	0
776	31.31462	14.30483	0
777	27.89697	13.85742	0
778	28.70517	8.745407	0
779	32.53965	9.183101000000001	0
780	2.505934	35.19391	0
781	5.258406	37.319	0
782	32.78816	3.559264	0
783	28.76561	3.551846	0
784	31.94093	-2.31383	0
785	27.87984	-1.703713	0
786	29.54384	-8.118	0
787	25.83105	-6.870329	0
788	2.637862	37.63781	0
789	21.87039	26.83468	0
790	23.6314	27.69781	0
791	25.90172	-13.60756	0
792	22.62052	-11.75042	0
793	21.00258	-18.48524	0
794	18.27954	-16.05512	0
795	14.91879	-22.39389	0
796	12.89793	-19.46842	0
797	7.817602	-24.98046	0
798	6.685414	-21.68281	0
799	0	11.66163	0
800	2.517992	11.47169	0
801	2.033296	7.607907	0
802	0	7.875	0
803	36.43081	-3.325949	0
804	36.91919	3.211686	0
805	41.05022	2.864107	0
806	40.9207	-4.338068	0
807	36.26371	9.447039	0
808	39.98776	9.710978000000001	0
809	5.51922	39.03064	0
810	2.765931	39.34315	0
811	2.893978	41.04853	0
812	5.780077	40.74224	0
813	8.248422	38.51138	0
814	8.651695999999999	40.23024	0
815	10.92801	37.788	0
816	11.47826	39.51673	0
817	13.54754	36.86478	0
818	14.25135	38.60339	0
819	16.10495	35.73975	0
820	16.98333	37.48185	0
821	23.18342	31.23952	0
822	20.93831	32.91917	0
823	22.19378	34.65196	0
824	24.63969	32.95768	0
825	18.57763	34.41988	0
826	19.64417	36.15839	0
827	25.29356	29.3949	0
828	26.95573	31.09198	0
829	27.31797	27.33426	0
830	29.25182	28.94224	0
831	34.63284	15.10602	0
832	37.95107	15.90721	0
833	29.19221	25.1009	0
834	31.4098	26.58471	0
835	32.39098	20.21544	0
836	35.15936	21.38087	0
837	30.8955	22.71589	0
838	33.39626	24.04189	0
839	0	35.27945	0
840	0	37.7445	0
841	21.72715	29.52136	0
842	0	15.37254	0
843	2.83356	15.26967	0
844	0	32.83838	0
845	0	25.73733	0
846	0	30.42861	0
847	0	28.05952	0
848	2.962	19.05	0
849	0	19.05	0
850	5.924	19.05	0
851	20.734	19.05	0
852	17.772	19.05	0
853	14.81	19.05	0
854	2.972003	-9.45548	0
855	0	-9.858549999999999	0
856	0	-7.875	0
857	2.026287	-7.609682	0
858	7.110199	-10.03438	0
859	3.697004	-11.42847	0
860	5.699435	-8.290621	0
861	0	-11.90867	0
862	10.00484	-7.847489	0
863	7.988149	-6.470992	0
864	9.704872999999999	-4.128809	0
865	5.565824	-5.571036	0
866	6.820933	-3.935741	0
867	14.34942	1.913949	0
868	13.66665	-1.725086	0
869	10.77394	-1.392204	0
870	11.17569	1.639955	0
871	5.668652	14.95722	0
872	8.885999999999999	19.05	0
873	8.522004000000001	14.45759	0
874	7.605546	-2.030334	0
875	7.874945	0.01277	0
876	5.019853	10.89526	0
877	7.549025	9.950708000000001	0
878	3.918578	6.83053	0
879	11.4493	14.07234	0
880	10.4072	8.867032	0
881	14.58203	14.29807	0
882	14.28437	9.885135	0
883	17.88332	5.52369	0
884	21.38326	4.825903	0
885	20.77712	0.299068	0
886	17.5249	1.305042	0
887	24.98139	4.072996	0
888	24.19445	-0.780085	0
889	22.46073	-5.490463	0
890	11.848	19.05	0
891	17.87361	14.34912	0
892	17.899	9.858506	0
893	3.930388	-6.823927	0
894	14.40409	5.797573	0
895	10.97489	4.956558	0
896	12.21894	-5.024794	0
897	6.805657	3.961486	0
898	5.548142	5.588236	0
899	8.412008999999999	-12.03739	0
900	4.361566	-13.60404	0
901	0	-14.14299	0
902	11.88973	-9.577767	0
903	9.747506	-14.28261	0
904	5.045202	-16.01972	0
905	13.81914	-11.56309	0
906	14.61231	-6.407928	0
907	7.598801	2.055502	0
908	0	-16.61796	0
909	11.21323	-16.7612	0
910	15.91587	-13.73724	0
911	5.801444	-18.70335	0
912	0	-19.37428	0
913	0	-22.45345	0
914	16.48717	-2.721102	0
915	17.06215	-8.076859000000001	0
916	19.37928	-4.053963	0
917	19.69844	-9.889239	0
918	0	-25.90807	0
919	21.18653	14.16796	0
920	21.44123	9.445221999999999	0
921	25.01748	8.978861	0
922	24.51818	13.94735	0
923	34.48217	-9.961285	0
924	31.14187	-16.41731	0
925	25.62135	-23.19687	0
926	0	39.4474	0
927	18.27878	-28.69785	0
928	9.629519	-32.25412	0
929	0	-33.52911	0
930	39.42049	-11.80456	0
931	36.382	-19.227	0
932	30.24011	-27.90843	0
933	0	41.15027	0
934	21.63875	-35.00173	0
935	11.44137	-39.52773	0
936	0	-41.1501	0
937	42.55701	-4.513116	7.874019
938	40.99749	-12.27485	7.874022
939	40.98137	-12.26995	5.249327
940	42.54108	-4.510449	5.249347
941	42.69184	2.979348	7.874015
942	42.67608	2.976078	5.249356
943	41.58673	10.1004	7.87401
944	41.57262	10.09376	5.249368
945	3.003246	42.69084	7.873955
946	5.99534	42.37428	7.873959
947	5.996275	42.36667	5.249315
948	3.00221	42.68366	5.249461
949	0	42.79638	7.873953
950	0	42.79635	5.249309
951	8.978638999999999	41.84381	7.873962
952	8.977232000000001	41.83652	5.249288
953	11.90777	41.10623	7.873965
954	11.91065	41.09767	5.249296
955	14.78978	40.15939	7.873968
956	14.79036	40.15124	5.249304
957	17.6217	38.99982	7.873971
958	17.62717	38.98909	5.249309
959	23.04615	36.06076	7.873978
960	25.60008	34.29484	7.873981
961	25.59879	34.2863	5.249322
962	23.04935	36.04987	5.249318
963	20.38813	37.62753	7.873975
964	20.39471	37.61515	5.249314
965	28.01561	32.35154	7.873985
966	28.01314	32.34348	5.249326
967	30.41067	30.11121	7.873989
968	30.40609	30.10425	5.24933
969	39.46991	16.54101	7.874004
970	39.45693	16.53392	5.249349
971	32.66324	27.65145	7.873992
972	32.65508	27.64827	5.249334
973	36.56719	22.23341	7.873999
974	36.55991	22.22422	5.24934
975	34.73089	25.00504	7.873995
976	34.72416	24.99989	5.249338
977	37.83603	-19.99754	7.874023
978	37.81672	-19.99174	5.249322
979	31.44039	-29.03398	7.874022
980	31.42687	-29.01816	5.249529
981	22.46552	-36.42495	7.874017
982	22.47085	-36.39656	5.249697
983	11.86903	-41.11705	7.87401
984	11.87356	-41.09381	5.24957
985	0	-42.79601	7.874
986	0	-42.79604	5.249331
987	42.54016	-4.50967	2.625715
988	42.67533	2.977181	2.6257
989	40.9803	-12.27039	2.625761
990	41.57181	10.09368	2.625664
991	39.4562	16.53373	2.625602
992	5.996868	42.36621	2.625039
993	3.002588	42.68333	2.625104
994	8.977957999999999	41.83598	2.625006
995	0	42.79631	2.624626
996	11.91155	41.09703	2.625014
997	14.79136	40.15048	2.625024
998	17.62828	38.98819	2.625036
999	20.39498	37.6148	2.625051
1000	25.5995	34.28534	2.625055
1001	23.05009	36.04882	2.625044
1002	28.0137	32.34254	2.625069
1003	30.40641	30.10343	2.625098
1004	32.65521	27.64756	2.625115
1005	36.55986	22.22298	2.625281
1006	34.72408	24.99931	2.625182
1007	37.81517	-19.99253	2.625963
1008	31.42606	-29.0174	2.626251
1009	22.47048	-36.3954	2.626458
1010	11.87382	-41.09262	2.62632
1011	0	-42.79607	2.624663
1012	42.55737	-4.513101	0
1013	42.69218	2.979389	0
1014	40.99783	-12.27497	0
1015	41.58702	10.10049	0
1016	39.47015	16.54114	0
1017	5.995143	42.37425	0
1018	3.003325	42.69075	0
1019	8.97856	41.8438	0
1020	0	42.79628	0
1021	11.90775	41.10623	0
1022	14.78977	40.15941	0
1023	17.6217	38.99987	0
1024	20.38815	37.6276	0
1025	25.60014	34.29494	0
1026	23.0462	36.06084	0
1027	28.01571	32.35165	0
1028	30.4108	30.11131	0
1029	32.66339	27.65157	0
1030	36.56739	22.23354	0
1031	34.73108	25.00515	0
1032	37.83627	-19.99784	0
1033	31.44045	-29.03439	0
1034	22.46563	-36.4252	0
1035	11.86929	-41.11718	0
1036	0	-42.79611	0
1037	-25.67873	21.08401	7.874
1038	-26.658	19.05	7.874
1039	-29.62261	19.05	7.874
1040	-28.39474	21.38989	7.874
1041	-25.67873	21.08401	5.249333
1042	-26.658	19.05	5.249333
1043	-29.62261	19.05	5.249333
1044	-28.39474	21.38989	5.249333
1045	-24.51918	23.08205	7.874
1046	-26.97461	23.61708	7.874
1047	-24.51918	23.08205	5.249333
1048	-26.97461	23.61708	5.249333
1049	-23.24149	25.00574	7.874
1050	-25.38411	25.72627	7.874
1051	-23.24149	25.00574	5.249333
1052	-25.38411	25.72627	5.249333
1053	-2.811306	21.22494	7.874
1054	-2.679483	23.44208	7.874
1055	-2.811306	21.22494	5.249333
1056	-2.679483	23.44208	5.249333
1057	-17.84708	29.38367	7.874
1058	-16.07748	29.95466	7.874
1059	-16.53654	28.17991	7.874
1060	-18.73576	27.97721	7.874
1061	-17.84708	29.38367	5.249333
1062	-16.07748	29.95466	5.249333
1063	-16.53654	28.17991	5.249333
1064	-18.73576	27.97721	5.249333
1065	-14.05042	30.59289	7.874
1066	-14.27291	28.64863	7.874
1067	-14.05042	30.59289	5.249333
1068	-14.27291	28.64863	5.249333
1069	-11.86876	31.21868	7.874
1070	-11.97032	29.1348	7.874
1071	-11.86876	31.21868	5.249333
1072	-11.97032	29.1348	5.249333
1073	-9.591042	31.77507	7.874
1074	-9.627606	29.57586	7.874
1075	-9.591042	31.77507	5.249333
1076	-9.627606	29.57586	5.249333
1077	-7.24669	32.22994	7.874
1078	-7.251105	29.9396	7.874
1079	-7.24669	32.22994	5.249333
1080	-7.251105	29.9396	5.249333
1081	-4.855845	32.56487	7.874
1082	-4.848677	30.20857	7.874
1083	-4.855845	32.56487	5.249333
1084	-4.848677	30.20857	5.249333
1085	-2.435213	32.76952	7.874
1086	-2.428742	30.37321	7.874
1087	-2.435213	32.76952	5.249333
1088	-2.428742	30.37321	5.249333
1089	-16.6074	31.42386	7.874
1090	-14.43153	32.38234	7.874
1091	-16.6074	31.42386	5.249333
1092	-14.43153	32.38234	5.249333
1093	-18.72499	30.21855	7.874
1094	-18.72499	30.21855	5.249333
1095	-19.68283	31.18639	7.874
1096	-17.5111	32.68138	7.874
1097	-19.68283	31.18639	5.249333
1098	-17.5111	32.68138	5.249333
1099	-20.41786	28.57351	7.874
1100	-20.41786	28.57351	5.249333
1101	-17.35106	26.39085	7.874
1102	-19.76393	26.36502	7.874
1103	-17.35106	26.39085	5.249333
1104	-19.76393	26.36502	5.249333
1105	-14.85754	26.68641	7.874
1106	-14.85754	26.68641	5.249333
1107	-12.37263	27.04836	7.874
1108	-12.37263	27.04836	5.249333
1109	-9.897970000000001	27.38974	7.874
1110	-9.897970000000001	27.38974	5.249333
1111	-7.426282	27.67472	7.874
1112	-7.426282	27.67472	5.249333
1113	-4.9532	27.88627	7.874
1114	-4.9532	27.88627	5.249333
1115	-2.477497	28.0159	7.874
1116	-2.477497	28.0159	5.249333
1117	-15.22657	33.99764	7.874
1118	-15.22657	33.99764	5.249333
1119	-12.18253	33.22657	7.874
1120	-12.18253	33.22657	5.249333
1121	-18.23205	24.58155	7.874
1122	-20.8337	24.62519	7.874
1123	-18.23205	24.58155	5.249333
1124	-20.8337	24.62519	5.249333
1125	-15.56948	24.75068	7.874
1126	-15.56948	24.75068	5.249333
1127	-12.92226	24.99718	7.874
1128	-12.92226	24.99718	5.249333
1129	-10.30546	25.24306	7.874
1130	-10.30546	25.24306	5.249333
1131	-7.712708	25.45236	7.874
1132	-7.712708	25.45236	5.249333
1133	-5.135113	25.60884	7.874
1134	-5.135113	25.60884	5.249333
1135	-2.565788	25.70496	7.874
1136	-2.565788	25.70496	5.249333
1137	-12.84374	35.12616	7.874
1138	-12.84374	35.12616	5.249333
1139	-9.850771999999999	33.94477	7.874
1140	-9.850771999999999	33.94477	5.249333
1141	-21.87338	22.8059	7.874
1142	-21.87338	22.8059	5.249333
1143	-19.10771	22.74907	7.874
1144	-19.10771	22.74907	5.249333
1145	-16.30766	22.83603	7.874
1146	-16.30766	22.83603	5.249333
1147	-13.52667	22.98489	7.874
1148	-13.52667	22.98489	5.249333
1149	-10.7795	23.14106	7.874
1150	-10.7795	23.14106	5.249333
1151	-8.061794000000001	23.27671	7.874
1152	-8.061794000000001	23.27671	5.249333
1153	-5.364543	23.37901	7.874
1154	-5.364543	23.37901	5.249333
1155	-10.37776	36.05925	7.874
1156	-10.37776	36.05925	5.249333
1157	-7.449033	34.52013	7.874
1158	-7.449033	34.52013	5.249333
1159	-22.839	20.93876	7.874
1160	-22.839	20.93876	5.249333
1161	-19.9432	20.90178	7.874
1162	-19.9432	20.90178	5.249333
1163	-23.696	19.05	7.874
1164	-23.696	19.05	5.249333
1165	-17.03798	20.9366	7.874
1166	-17.03798	20.9366	5.249333
1167	-14.15134	21.00467	7.874
1168	-14.15134	21.00467	5.249333
1169	-11.29038	21.0788	7.874
1170	-11.29038	21.0788	5.249333
1171	-8.451071000000001	21.14428	7.874
1172	-8.451071000000001	21.14428	5.249333
1173	-5.626721	21.19408	7.874
1174	-5.626721	21.19408	5.249333
1175	-7.845175	36.79245	7.874
1176	-7.845173	36.79245	5.249333
1177	-4.994829	34.93905	7.874
1178	-4.994825	34.93906	5.249333
1179	-27.89697	13.85742	7.874
1180	-31.31461	14.30483	7.874
1181	-27.89697	13.85742	5.249333
1182	-31.31461	14.30483	5.249333
1183	-28.70516	8.745407	7.874
1184	-32.53964	9.1831	7.874
1185	-28.70516	8.745407	5.249333
1186	-32.53964	9.1831	5.249338
1187	-2.505926	35.19384	7.874
1188	-2.505927	35.19386	5.249333
1189	-5.258482	37.31887	7.874
1190	-5.25845	37.31892	5.249334
1191	-32.78816	3.559259	7.874
1192	-28.76561	3.551844	7.874
1193	-32.78816	3.559261	5.249334
1194	-28.76561	3.551844	5.249333
1195	-27.87984	-1.703713	7.874
1196	-31.94092	-2.313831	7.874
1197	-27.87984	-1.703713	5.249333
1198	-31.94093	-2.31383	5.249333
1199	-25.83105	-6.870324	7.874
1200	-29.54384	-8.117986	7.874
1201	-25.83105	-6.870324	5.249333
1202	-29.54384	-8.117986999999999	5.249333
1203	-2.637815	37.63763	7.874
1204	-2.637821	37.63771	5.249381
1205	-21.87039	26.83468	7.874
1206	-21.87039	26.83468	5.249333
1207	-23.6314	27.69781	7.874
1208	-23.6314	27.69781	5.249333
1209	-22.62051	-11.75038	7.874
1210	-25.90171	-13.60748	7.874
1211	-22.62051	-11.75039	5.249333
1212	-25.90171	-13.6075	5.249337
1213	-18.27951	-16.05504	7.874
1214	-21.00254	-18.48507	7.874
1215	-18.27952	-16.05506	5.249333
1216	-21.00255	-18.48512	5.249369
1217	-12.89789	-19.46834	7.874
1218	-14.9187	-22.39371	7.874
1219	-12.8979	-19.46835	5.249334
1220	-14.91873	-22.39377	5.24939
1221	-6.685371	-21.68275	7.874
1222	-7.817496	-24.98034	7.874
1223	-6.685379	-21.68276	5.249334
1224	-7.817528	-24.98038	5.249372
1225	-2.517992	11.47169	7.874
1226	-2.033296	7.607907	7.874
1227	-2.517992	11.47169	5.249333
1228	-2.033296	7.607907	5.249333
1229	-36.91918	3.211678	7.874
1230	-36.43081	-3.325949	7.874
1231	-40.9207	-4.338068	7.874
1232	-41.05021	2.864096	7.874
1233	-36.91919	3.211681	5.249337
1234	-36.43081	-3.325949	5.249333
1235	-40.9207	-4.338067	5.249333
1236	-41.05021	2.864101	5.249339
1237	-36.26369	9.447037	7.87402
1238	-39.98774	9.710974	7.874039
1239	-36.2637	9.447037999999999	5.24935
1240	-39.98775	9.710974999999999	5.249366
1241	-2.765837	39.34287	7.874181
1242	-5.519344	39.03044	7.874
1243	-5.780207	40.74202	7.874
1244	-2.893859	41.04812	7.874362
1245	-2.765852	39.343	5.249473
1246	-5.519272	39.03052	5.249357
1247	-5.780125	40.74209	5.2494
1248	-2.893876	41.04827	5.249602
1249	-8.248462999999999	38.51133	7.874
1250	-8.65175	40.23021	7.874
1251	-8.248457999999999	38.51133	5.249336
1252	-8.651743	40.23021	5.24934
1253	-10.92802	37.78799	7.874
1254	-11.47828	39.51673	7.874
1255	-10.92802	37.78799	5.249334
1256	-11.47827	39.51673	5.249334
1257	-13.54755	36.86477	7.874
1258	-14.25136	38.60339	7.874
1259	-13.54755	36.86477	5.249333
1260	-14.25136	38.60339	5.249333
1261	-16.10495	35.73975	7.874
1262	-16.98333	37.48185	7.874
1263	-16.10495	35.73975	5.249333
1264	-16.98333	37.48185	5.249333
1265	-20.93831	32.91917	7.874
1266	-23.18342	31.23952	7.874
1267	-24.63969	32.95768	7.874
1268	-22.19378	34.65196	7.874
1269	-20.93831	32.91917	5.249333
1270	-23.18342	31.23952	5.249333
1271	-24.63969	32.95768	5.249333
1272	-22.19378	34.65196	5.249333
1273	-18.57763	34.41988	7.874
1274	-19.64417	36.15839	7.874
1275	-18.57763	34.41988	5.249333
1276	-19.64417	36.15839	5.249333
1277	-25.29356	29.3949	7.874
1278	-26.95573	31.09198	7.874
1279	-25.29356	29.3949	5.249333
1280	-26.95573	31.09198	5.249333
1281	-27.31797	27.33426	7.874
1282	-29.25182	28.94224	7.874
1283	-27.31797	27.33426	5.249333
1284	-29.25182	28.94224	5.249333
1285	-34.63284	15.10603	7.874
1286	-37.95106	15.90722	7.874
1287	-34.63284	15.10602	5.249336
1288	-37.95106	15.90722	5.249338
1289	-29.19221	25.1009	7.874
1290	-31.4098	26.58471	7.874
1291	-29.19221	25.1009	5.249333
1292	-31.4098	26.58471	5.249333
1293	-32.39098	20.21544	7.874
1294	-35.15936	21.38087	7.874
1295	-32.39098	20.21544	5.249333
1296	-35.15936	21.38087	5.249334
1297	-30.8955	22.71589	7.874
1298	-33.39626	24.04189	7.874
1299	-30.8955	22.71589	5.249333
1300	-33.39626	24.04189	5.249333
1301	-21.72715	29.52136	7.874
1302	-21.72715	29.52136	5.249333
1303	-2.83356	15.26967	7.874
1304	-2.83356	15.26967	5.249333
1305	-2.962	19.05	7.874
1306	-2.962	19.05	5.249333
1307	-5.924	19.05	7.874
1308	-5.924	19.05	5.249333
1309	-17.772	19.05	7.874
1310	-20.734	19.05	7.874
1311	-17.772	19.05	5.249333
1312	-20.734	19.05	5.249333
1313	-14.81	19.05	7.874
1314	-14.81	19.05	5.249333
1315	-2.972003	-9.45548	7.874
1316	-2.026287	-7.609682	7.874
1317	-2.972003	-9.45548	5.249333
1318	-2.026287	-7.609682	5.249333
1319	-3.697004	-11.42847	7.874
1320	-7.110199	-10.03438	7.874
1321	-5.699435	-8.290621	7.874
1322	-3.697004	-11.42847	5.249333
1323	-7.110199	-10.03438	5.249333
1324	-5.699435	-8.290621	5.249333
1325	-10.00484	-7.847489	7.874
1326	-7.988149	-6.470992	7.874
1327	-10.00484	-7.847489	5.249333
1328	-7.988149	-6.470992	5.249333
1329	-9.704872999999999	-4.128809	7.874
1330	-6.820933	-3.935741	7.874
1331	-5.565824	-5.571036	7.874
1332	-9.704872999999999	-4.128809	5.249333
1333	-6.820933	-3.935741	5.249333
1334	-5.565824	-5.571036	5.249333
1335	-13.66665	-1.725086	7.874
1336	-14.34942	1.913949	7.874
1337	-11.17569	1.639955	7.874
1338	-10.77394	-1.392204	7.874
1339	-13.66665	-1.725086	5.249333
1340	-14.34942	1.913949	5.249333
1341	-11.17569	1.639955	5.249333
1342	-10.77394	-1.392204	5.249333
1343	-5.668652	14.95722	7.874
1344	-5.668652	14.95722	5.249333
1345	-8.885999999999999	19.05	7.874
1346	-8.885999999999999	19.05	5.249333
1347	-8.522004000000001	14.45759	7.874
1348	-8.522004000000001	14.45759	5.249333
1349	-7.605546	-2.030334	7.874
1350	-7.605546	-2.030334	5.249333
1351	-7.874945	0.01277	7.874
1352	-7.874945	0.01277	5.249333
1353	-5.019853	10.89526	7.874
1354	-5.019853	10.89526	5.249333
1355	-7.549025	9.950708000000001	7.874
1356	-7.549025	9.950708000000001	5.249333
1357	-3.918578	6.83053	7.874
1358	-3.918578	6.83053	5.249333
1359	-10.4072	8.867032	7.874
1360	-11.4493	14.07234	7.874
1361	-10.4072	8.867032	5.249333
1362	-11.4493	14.07234	5.249333
1363	-14.28437	9.885135	7.874
1364	-14.58203	14.29807	7.874
1365	-14.28437	9.885135	5.249333
1366	-14.58203	14.29807	5.249333
1367	-21.38326	4.825903	7.874
1368	-17.88332	5.52369	7.874
1369	-17.5249	1.305042	7.874
1370	-20.77712	0.299068	7.874
1371	-21.38326	4.825903	5.249333
1372	-17.88332	5.52369	5.249333
1373	-17.5249	1.305042	5.249333
1374	-20.77712	0.299068	5.249333
1375	-24.98139	4.072996	7.874
1376	-24.19445	-0.780085	7.874
1377	-24.98139	4.072996	5.249333
1378	-24.19445	-0.780085	5.249333
1379	-22.46073	-5.490461	7.874
1380	-22.46073	-5.490461	5.249333
1381	-11.848	19.05	7.874
1382	-11.848	19.05	5.249333
1383	-17.87361	14.34912	7.874
1384	-17.87361	14.34912	5.249333
1385	-17.899	9.858506	7.874
1386	-17.899	9.858506	5.249333
1387	-3.930388	-6.823927	7.874
1388	-3.930388	-6.823927	5.249333
1389	-14.40409	5.797573	7.874
1390	-14.40409	5.797573	5.249333
1391	-10.97489	4.956558	7.874
1392	-10.97489	4.956558	5.249333
1393	-12.21894	-5.024794	7.874
1394	-12.21894	-5.024794	5.249333
1395	-5.548142	5.588236	7.874
1396	-6.805657	3.961486	7.874
1397	-5.548142	5.588236	5.249333
1398	-6.805657	3.961486	5.249333
1399	-4.361565	-13.60404	7.874
1400	-8.412008999999999	-12.03739	7.874
1401	-4.361565	-13.60404	5.249333
1402	-8.412008999999999	-12.03739	5.249333
1403	-11.88973	-9.577766	7.874
1404	-11.88973	-9.577766	5.249333
1405	-5.0452	-16.01971	7.874
1406	-9.747503999999999	-14.28261	7.874
1407	-5.0452	-16.01971	5.249333
1408	-9.747503999999999	-14.28261	5.249333
1409	-13.81914	-11.56308	7.874
1410	-13.81914	-11.56308	5.249333
1411	-14.61231	-6.407928	7.874
1412	-14.61231	-6.407928	5.249333
1413	-7.598801	2.055502	7.874
1414	-7.598801	2.055502	5.249333
1415	-15.91586	-13.73722	7.874
1416	-11.21322	-16.76117	7.874
1417	-15.91586	-13.73722	5.249333
1418	-11.21322	-16.76117	5.249333
1419	-5.80143	-18.70333	7.874
1420	-5.801431	-18.70333	5.249333
1421	-16.48717	-2.721102	7.874
1422	-16.48717	-2.721102	5.249333
1423	-17.06215	-8.076857	7.874
1424	-17.06215	-8.076857	5.249333
1425	-19.37928	-4.053963	7.874
1426	-19.37928	-4.053963	5.249333
1427	-19.69844	-9.889227999999999	7.874
1428	-19.69844	-9.889229	5.249333
1429	-21.18653	14.16796	7.874
1430	-21.18653	14.16796	5.249333
1431	-21.44123	9.445221999999999	7.874
1432	-21.44123	9.445221999999999	5.249333
1433	-25.01748	8.978861	7.874
1434	-25.01748	8.978861	5.249333
1435	-24.51818	13.94735	7.874
1436	-24.51818	13.94735	5.249333
1437	-34.48217	-9.961257	7.874
1438	-34.48217	-9.961259	5.249333
1439	-31.14186	-16.41716	7.874
1440	-31.14186	-16.41721	5.249361
1441	-25.6213	-23.19658	7.87426
1442	-25.62132	-23.19669	5.249598
1443	-18.27862	-28.69754	7.874441
1444	-18.27868	-28.69766	5.249767
1445	-9.629288000000001	-32.25393	7.874295
1446	-9.629369000000001	-32.254	5.249628
1447	-39.4205	-11.80453	7.874
1448	-39.4205	-11.80453	5.249334
1449	-36.38202	-19.22684	7.874
1450	-36.38201	-19.22689	5.249386
1451	-30.24006	-27.90808	7.87452
1452	-30.24007	-27.90821	5.24985
1453	-21.63855	-35.00137	7.874881
1454	-21.63861	-35.00149	5.250184
1455	-11.44108	-39.52751	7.874589
1456	-11.44118	-39.52758	5.249911
1457	-25.67873	21.08401	2.624667
1458	-26.658	19.05	2.624667
1459	-29.62261	19.05	2.624667
1460	-28.39474	21.38989	2.624667
1461	-24.51918	23.08205	2.624667
1462	-26.97461	23.61708	2.624667
1463	-23.24149	25.00574	2.624667
1464	-25.38411	25.72627	2.624667
1465	-2.811306	21.22494	2.624667
1466	-2.679483	23.44208	2.624667
1467	-17.84708	29.38367	2.624667
1468	-16.07748	29.95466	2.624667
1469	-16.53654	28.17991	2.624667
1470	-18.73576	27.97721	2.624667
1471	-14.05042	30.59289	2.624667
1472	-14.27291	28.64863	2.624667
1473	-11.86876	31.21868	2.624667
1474	-11.97032	29.1348	2.624667
1475	-9.591042	31.77507	2.624667
1476	-9.627606	29.57586	2.624667
1477	-7.24669	32.22994	2.624667
1478	-7.251105	29.9396	2.624667
1479	-4.855844	32.56487	2.624667
1480	-4.848677	30.20857	2.624667
1481	-2.435213	32.76953	2.624667
1482	-2.428742	30.37321	2.624667
1483	-16.6074	31.42386	2.624667
1484	-14.43153	32.38234	2.624667
1485	-18.72499	30.21855	2.624667
1486	-19.68283	31.18639	2.624667
1487	-17.5111	32.68138	2.624667
1488	-20.41786	28.57351	2.624667
1489	-17.35106	26.39085	2.624667
1490	-19.76393	26.36502	2.624667
1491	-14.85754	26.68641	2.624667
1492	-12.37263	27.04836	2.624667
1493	-9.897970000000001	27.38974	2.624667
1494	-7.426282	27.67472	2.624667
1495	-4.9532	27.88627	2.624667
1496	-2.477497	28.0159	2.624667
1497	-15.22657	33.99764	2.624667
1498	-12.18253	33.22657	2.624667
1499	-18.23205	24.58155	2.624667
1500	-20.8337	24.62519	2.624667
1501	-15.56948	24.75068	2.624667
1502	-12.92226	24.99718	2.624667
1503	-10.30546	25.24306	2.624667
1504	-7.712708	25.45236	2.624667
1505	-5.135113	25.60884	2.624667
1506	-2.565788	25.70496	2.624667
1507	-12.84374	35.12616	2.624667
1508	-9.850771999999999	33.94477	2.624667
1509	-21.87338	22.8059	2.624667
1510	-19.10771	22.74907	2.624667
1511	-16.30766	22.83603	2.624667
1512	-13.52667	22.98489	2.624667
1513	-10.7795	23.14106	2.624667
1514	-8.061794000000001	23.27671	2.624667
1515	-5.364543	23.37901	2.624667
1516	-10.37776	36.05925	2.624667
1517	-7.449031	34.52013	2.624667
1518	-22.839	20.93876	2.624667
1519	-19.9432	20.90178	2.624667
1520	-23.696	19.05	2.624667
1521	-17.03798	20.9366	2.624667
1522	-14.15134	21.00467	2.624667
1523	-11.29038	21.0788	2.624667
1524	-8.451071000000001	21.14428	2.624667
1525	-5.626721	21.19408	2.624667
1526	-7.845164	36.79247	2.624668
1527	-4.994815	34.93908	2.624668
1528	-27.89697	13.85742	2.624667
1529	-31.31462	14.30483	2.624668
1530	-28.70516	8.745407	2.624668
1531	-32.53965	9.183101000000001	2.624672
1532	-2.505929	35.19388	2.624676
1533	-5.258422	37.31896	2.62468
1534	-32.78816	3.559263	2.624668
1535	-28.76561	3.551845	2.624667
1536	-27.87984	-1.703713	2.624667
1537	-31.94093	-2.31383	2.624667
1538	-25.83105	-6.870325	2.624667
1539	-29.54384	-8.117991	2.624668
1540	-2.637837	37.63777	2.624723
1541	-21.87039	26.83468	2.624667
1542	-23.6314	27.69781	2.624667
1543	-22.62052	-11.7504	2.624668
1544	-25.90172	-13.60753	2.624681
1545	-18.27953	-16.05508	2.624676
1546	-21.00257	-18.48518	2.624727
1547	-12.89791	-19.46838	2.624681
1548	-14.91876	-22.39383	2.624759
1549	-6.685394	-21.68278	2.624678
1550	-7.817564	-24.98042	2.624731
1551	-2.517992	11.47169	2.624667
1552	-2.033296	7.607907	2.624667
1553	-36.91919	3.211684	2.624672
1554	-36.43081	-3.325948	2.624667
1555	-40.9207	-4.338067	2.624667
1556	-41.05021	2.864105	2.624675
1557	-36.2637	9.447039	2.624682
1558	-39.98776	9.710977	2.624695
1559	-2.765886	39.34309	2.624781
1560	-5.519236	39.03058	2.62471
1561	-5.780089	40.74217	2.624757
1562	-2.89392	41.0484	2.624882
1563	-8.248443	38.51135	2.624675
1564	-8.651721999999999	40.23022	2.624681
1565	-10.92802	37.78799	2.624668
1566	-11.47827	39.51673	2.624669
1567	-13.54755	36.86478	2.624667
1568	-14.25135	38.60339	2.624667
1569	-16.10495	35.73975	2.624667
1570	-16.98333	37.48185	2.624667
1571	-20.93831	32.91917	2.624667
1572	-23.18342	31.23952	2.624667
1573	-24.63969	32.95768	2.624667
1574	-22.19378	34.65196	2.624667
1575	-18.57763	34.41988	2.624667
1576	-19.64417	36.15839	2.624667
1577	-25.29356	29.3949	2.624667
1578	-26.95573	31.09198	2.624667
1579	-27.31797	27.33426	2.624667
1580	-29.25182	28.94224	2.624667
1581	-34.63284	15.10602	2.624671
1582	-37.95107	15.90722	2.624673
1583	-29.19221	25.1009	2.624667
1584	-31.4098	26.58471	2.624667
1585	-32.39098	20.21544	2.624667
1586	-35.15936	21.38087	2.624667
1587	-30.8955	22.71589	2.624667
1588	-33.39626	24.04189	2.624667
1589	-21.72715	29.52136	2.624667
1590	-2.83356	15.26967	2.624667
1591	-2.962	19.05	2.624667
1592	-5.924	19.05	2.624667
1593	-17.772	19.05	2.624667
1594	-20.734	19.05	2.624667
1595	-14.81	19.05	2.624667
1596	-2.972003	-9.45548	2.624667
1597	-2.026287	-7.609682	2.624667
1598	-3.697004	-11.42847	2.624667
1599	-7.110199	-10.03438	2.624667
1600	-5.699435	-8.290621	2.624667
1601	-10.00484	-7.847489	2.624667
1602	-7.988149	-6.470992	2.624667
1603	-9.704872999999999	-4.128809	2.624667
1604	-6.820933	-3.935741	2.624667
1605	-5.565824	-5.571036	2.624667
1606	-13.66665	-1.725086	2.624667
1607	-14.34942	1.913949	2.624667
1608	-11.17569	1.639955	2.624667
1609	-10.77394	-1.392204	2.624667
1610	-5.668652	14.95722	2.624667
1611	-8.885999999999999	19.05	2.624667
1612	-8.522004000000001	14.45759	2.624667
1613	-7.605546	-2.030334	2.624667
1614	-7.874945	0.01277	2.624667
1615	-5.019853	10.89526	2.624667
1616	-7.549025	9.950708000000001	2.624667
1617	-3.918578	6.83053	2.624667
1618	-10.4072	8.867032	2.624667
1619	-11.4493	14.07234	2.624667
1620	-14.28437	9.885135	2.624667
1621	-14.58203	14.29807	2.624667
1622	-21.38326	4.825903	2.624667
1623	-17.88332	5.52369	2.624667
1624	-17.5249	1.305042	2.624667
1625	-20.77712	0.299068	2.624667
1626	-24.98139	4.072996	2.624667
1627	-24.19445	-0.780085	2.624667
1628	-22.46073	-5.490462	2.624667
1629	-11.848	19.05	2.624667
1630	-17.87361	14.34912	2.624667
1631	-17.899	9.858506	2.624667
1632	-3.930388	-6.823927	2.624667
1633	-14.40409	5.797573	2.624667
1634	-10.97489	4.956558	2.624667
1635	-12.21894	-5.024794	2.624667
1636	-5.548142	5.588236	2.624667
1637	-6.805657	3.961486	2.624667
1638	-4.361565	-13.60404	2.624667
1639	-8.412008999999999	-12.03739	2.624667
1640	-11.88973	-9.577766	2.624667
1641	-5.0452	-16.01971	2.624667
1642	-9.747503999999999	-14.28261	2.624667
1643	-13.81914	-11.56308	2.624667
1644	-14.61231	-6.407928	2.624667
1645	-7.598801	2.055502	2.624667
1646	-15.91586	-13.73723	2.624669
1647	-11.21323	-16.76118	2.62467
1648	-5.801435	-18.70334	2.624669
1649	-16.48717	-2.721102	2.624667
1650	-17.06215	-8.076857	2.624667
1651	-19.37928	-4.053963	2.624667
1652	-19.69844	-9.889233000000001	2.624667
1653	-21.18653	14.16796	2.624667
1654	-21.44123	9.445221999999999	2.624667
1655	-25.01748	8.978861	2.624667
1656	-24.51818	13.94735	2.624667
1657	-34.48217	-9.961269	2.62467
1658	-31.14186	-16.41726	2.624717
1659	-25.62133	-23.19678	2.624939
1660	-18.27873	-28.69776	2.625096
1661	-9.629446	-32.25406	2.624965
1662	-39.42049	-11.80454	2.624673
1663	-36.382	-19.22695	2.624757
1664	-30.24009	-27.90833	2.625183
1665	-21.63868	-35.00161	2.625492
1666	-11.44128	-39.52766	2.625235
1667	-25.67873	21.08401	0
1668	-26.658	19.05	0
1669	-29.62261	19.05	0
1670	-28.39474	21.38989	0
1671	-24.51918	23.08205	0
1672	-26.97461	23.61708	0
1673	-23.24149	25.00574	0
1674	-25.38411	25.72627	0
1675	-2.811306	21.22494	0
1676	-2.679483	23.44208	0
1677	-17.84708	29.38367	0
1678	-16.07748	29.95466	0
1679	-16.53654	28.17991	0
1680	-18.73576	27.97721	0
1681	-14.05042	30.59289	0
1682	-14.27291	28.64863	0
1683	-11.86876	31.21868	0
1684	-11.97032	29.1348	0
1685	-9.591042	31.77507	0
1686	-9.627606	29.57586	0
1687	-7.246689	32.22995	0
1688	-7.251105	29.9396	0
1689	-4.855841	32.56487	0
1690	-4.848676	30.20858	0
1691	-2.435213	32.76954	0
1692	-2.428742	30.37321	0
1693	-16.6074	31.42386	0
1694	-14.43153	32.38234	0
1695	-18.72499	30.21855	0
1696	-19.68283	31.18639	0
1697	-17.5111	32.68138	0
1698	-20.41786	28.57351	0
1699	-17.35106	26.39085	0
1700	-19.76393	26.36502	0
1701	-14.85754	26.68641	0
1702	-12.37263	27.04836	0
1703	-9.897970000000001	27.38974	0
1704	-7.426282	27.67472	0
1705	-4.9532	27.88627	0
1706	-2.477497	28.0159	0
1707	-15.22657	33.99764	0
1708	-12.18253	33.22657	0
1709	-18.23205	24.58155	0
1710	-20.8337	24.62519	0
1711	-15.56948	24.75068	0
1712	-12.92226	24.99718	0
1713	-10.30546	25.24306	0
1714	-7.712708	25.45236	0
1715	-5.135113	25.60884	0
1716	-2.565787	25.70496	0
1717	-12.84374	35.12616	0
1718	-9.850771	33.94477	0
1719	-21.87338	22.8059	0
1720	-19.10771	22.74907	0
1721	-16.30766	22.83603	0
1722	-13.52667	22.98489	0
1723	-10.7795	23.14106	0
1724	-8.061794000000001	23.27671	0
1725	-5.364543	23.37901	0
1726	-10.37776	36.05926	0
1727	-7.449026	34.52015	0
1728	-22.839	20.93876	0
1729	-19.9432	20.90178	0
1730	-23.696	19.05	0
1731	-17.03798	20.9366	0
1732	-14.15134	21.00467	0
1733	-11.29038	21.0788	0
1734	-8.451071000000001	21.14428	0
1735	-5.626721	21.19408	0
1736	-7.84515	36.79248	0
1737	-4.994806	34.9391	0
1738	-27.89697	13.85742	0
1739	-31.31462	14.30483	0
1740	-28.70517	8.745407	0
1741	-32.53965	9.183101000000001	0
1742	-2.505934	35.19391	0
1743	-5.258406	37.319	0
1744	-32.78816	3.559264	0
1745	-28.76561	3.551846	0
1746	-27.87984	-1.703713	0
1747	-31.94093	-2.31383	0
1748	-25.83105	-6.870329	0
1749	-29.54384	-8.118	0
1750	-2.637862	37.63781	0
1751	-21.87039	26.83468	0
1752	-23.6314	27.69781	0
1753	-22.62052	-11.75042	0
1754	-25.90172	-13.60756	0
1755	-18.27954	-16.05512	0
1756	-21.00258	-18.48524	0
1757	-12.89793	-19.46842	0
1758	-14.91879	-22.39389	0
1759	-6.685414	-21.68281	0
1760	-7.817602	-24.98046	0
1761	-2.517992	11.47169	0
1762	-2.033296	7.607907	0
1763	-36.91919	3.211686	0
1764	-36.43081	-3.325949	0
1765	-40.9207	-4.338068	0
1766	-41.05022	2.864107	0
1767	-36.26371	9.447039	0
1768	-39.98776	9.710978000000001	0
1769	-2.765931	39.34315	0
1770	-5.51922	39.03064	0
1771	-5.780077	40.74224	0
1772	-2.893978	41.04853	0
1773	-8.248422	38.51138	0
1774	-8.651695999999999	40.23024	0
1775	-10.92801	37.788	0
1776	-11.47826	39.51673	0
1777	-13.54754	36.86478	0
1778	-14.25135	38.60339	0
1779	-16.10495	35.73975	0
1780	-16.98333	37.48185	0
1781	-20.93831	32.91917	0
1782	-23.18342	31.23952	0
1783	-24.63969	32.95768	0
1784	-22.19378	34.65196	0
1785	-18.57763	34.41988	0
1786	-19.64417	36.15839	0
1787	-25.29356	29.3949	0
1788	-26.95573	31.09198	0
1789	-27.31797	27.33426	0
1790	-29.25182	28.94224	0
1791	-34.63284	15.10602	0
1792	-37.95107	15.90721	0
1793	-29.19221	25.1009	0
1794	-31.4098	26.58471	0
1795	-32.39098	20.21544	0
1796	-35.15936	21.38087	0
1797	-30.8955	22.71589	0
1798	-33.39626	24.04189	0
1799	-21.72715	29.52136	0
1800	-2.83356	15.26967	0
1801	-2.962	19.05	0
1802	-5.924	19.05	0
1803	-17.772	19.05	0
1804	-20.734	19.05	0
1805	-14.81	19.05	0
1806	-2.972003	-9.45548	0
1807	-2.026287	-7.609682	0
1808	-3.697004	-11.42847	0
1809	-7.110199	-10.03438	0
1810	-5.699435	-8.290621	0
1811	-10.00484	-7.847489	0
1812	-7.988149	-6.470992	0
1813	-9.704872999999999	-4.128809	0
1814	-6.820933	-3.935741	0
1815	-5.565824	-5.571036	0
1816	-13.66665	-1.725086	0
1817	-14.34942	1.913949	0
1818	-11.17569	1.639955	0
1819	-10.77394	-1.392204	0
1820	-5.668652	14.95722	0
1821	-8.885999999999999	19.05	0
1822	-8.522004000000001	14.45759	0
1823	-7.605546	-2.030334	0
1824	-7.874945	0.01277	0
1825	-5.019853	10.89526	0
1826	-7.549025	9.950708000000001	0
1827	-3.918578	6.83053	0
1828	-10.4072	8.867032	0
1829	-11.4493	14.07234	0
1830	-14.28437	9.885135	0
1831	-14.58203	14.29807	0
1832	-21.38326	4.825903	0
1833	-17.88332	5.52369	0
1834	-17.5249	1.305042	0
1835	-20.77712	0.299068	0
1836	-24.98139	4.072996	0
1837	-24.19445	-0.780085	0
1838	-22.46073	-5.490463	0
1839	-11.848	19.05	0
1840	-17.87361	14.34912	0
1841	-17.899	9.858506	0
1842	-3.930388	-6.823927	0
1843	-14.40409	5.797573	0
1844	-10.97489	4.956558	0
1845	-12.21894	-5.024794	0
1846	-5.548142	5.588236	0
1847	-6.805657	3.961486	0
1848	-4.361566	-13.60404	0
1849	-8.412008999999999	-12.03739	0
1850	-11.88973	-9.577767	0
1851	-5.045202	-16.01972	0
1852	-9.747506	-14.28261	0
1853	-13.81914	-11.56309	0
1854	-14.61231	-6.407928	0
1855	-7.598801	2.055502	0
1856	-15.91587	-13.73724	0
1857	-11.21323	-16.7612	0
1858	-5.801444	-18.70335	0
1859	-16.48717	-2.721102	0
1860	-17.06215	-8.076859000000001	0
1861	-19.37928	-4.053963	0
1862	-19.69844	-9.889239	0
1863	-21.18653	14.16796	0
1864	-21.44123	9.445221999999999	0
1865	-25.01748	8.978861	0
1866	-24.51818	13.94735	0
1867	-34.48217	-9.961285	0
1868	-31.14187	-16.41731	0
1869	-25.62135	-23.19687	0
1870	-18.27878	-28.69785	0
1871	-9.629519	-32.25412	0
1872	-39.42049	-11.80456	0
1873	-36.382	-19.227	0
1874	-30.24011	-27.90843	0
1875	-21.63875	-35.00173	0
1876	-11.44137	-39.52773	0
1877	-40.99749	-12.27485	7.874022
1878	-42.55701	-4.513116	7.874019
1879	-42.54108	-4.510449	5.249347
1880	-40.98137	-12.26995	5.249327
1881	-42.69184	2.979348	7.874015
1882	-42.67608	2.976078	5.249356
1883	-41.58673	10.1004	7.87401
1884	-41.57262	10.09376	5.249368
1885	-5.99534	42.37428	7.873959
1886	-3.003246	42.69084	7.873955
1887	-3.00221	42.68366	5.249461
1888	-5.996275	42.36667	5.249315
1889	-8.978638999999999	41.84381	7.873962
1890	-8.977232000000001	41.83652	5.249288
1891	-11.90777	41.10623	7.873965
1892	-11.91065	41.09767	5.249296
1893	-14.78978	40.15939	7.873968
1894	-14.79036	40.15124	5.249304
1895	-17.6217	38.99982	7.873971
1896	-17.62717	38.98909	5.249309
1897	-25.60008	34.29484	7.873981
1898	-23.04615	36.06076	7.873978
1899	-23.04935	36.04987	5.249318
1900	-25.59879	34.2863	5.249322
1901	-20.38813	37.62753	7.873975
1902	-20.39471	37.61515	5.249314
1903	-28.01561	32.35154	7.873985
1904	-28.01314	32.34348	5.249326
1905	-30.41067	30.11121	7.873989
1906	-30.40609	30.10425	5.24933
1907	-39.46991	16.54101	7.874004
1908	-39.45693	16.53392	5.249349
1909	-32.66324	27.65145	7.873992
1910	-32.65508	27.64827	5.249334
1911	-36.56719	22.23341	7.873999
1912	-36.55991	22.22422	5.24934
1913	-34.73089	25.00504	7.873995
1914	-34.72416	24.99989	5.249338
1915	-37.83603	-19.99754	7.874023
1916	-37.81672	-19.99174	5.249322
1917	-31.44039	-29.03398	7.874022
1918	-31.42687	-29.01816	5.249529
1919	-22.46552	-36.42495	7.874017
1920	-22.47085	-36.39656	5.249697
1921	-11.86903	-41.11705	7.87401
1922	-11.87356	-41.09381	5.24957
1923	-42.67533	2.977181	2.6257
1924	-42.54016	-4.50967	2.625715
1925	-40.9803	-12.27039	2.625761
1926	-41.57181	10.09368	2.625664
1927	-39.4562	16.53373	2.625602
1928	-3.002588	42.68333	2.625104
1929	-5.996868	42.36621	2.625039
1930	-8.977957999999999	41.83598	2.625006
1931	-11.91155	41.09703	2.625014
1932	-14.79136	40.15048	2.625024
1933	-17.62828	38.98819	2.625036
1934	-20.39498	37.6148	2.625051
1935	-23.05009	36.04882	2.625044
1936	-25.5995	34.28534	2.625055
1937	-28.0137	32.34254	2.625069
1938	-30.40641	30.10343	2.625098
1939	-32.65521	27.64756	2.625115
1940	-36.55986	22.22298	2.625281
1941	-34.72408	24.99931	2.625182
1942	-37.81517	-19.99253	2.625963
1943	-31.42606	-29.0174	2.626251
1944	-22.47048	-36.3954	2.626458
1945	-11.87382	-41.09262	2.62632
1946	-42.69218	2.979389	0
1947	-42.55737	-4.513101	0
1948	-40.99783	-12.27497	0
1949	-41.58702	10.10049	0
1950	-39.47015	16.54114	0
1951	-3.003325	42.69075	0
1952	-5.995143	42.37425	0
1953	-8.97856	41.8438	0
1954	-11.90775	41.10623	0
1955	-14.78977	40.15941	0
1956	-17.6217	38.99987	0
1957	-20.38815	37.6276	0
1958	-23.0462	36.06084	0
1959	-25.60014	34.29494	0
1960	-28.01571	32.35165	0
1961	-30.4108	30.11131	0
1962	-32.66339	27.65157	0
1963	-36.56739	22.23354	0
1964	-34.73108	25.00515	0
1965	-37.83627	-19.99784	0
1966	-31.44045	-29.03439	0
1967	-22.46563	-36.4252	0
1968	-11.86929	-41.11718	0
