1	1	2	3	4	5	6	7	8
2	1	9	10	2	5	11	12	6
3	13	14	15	16	17	18	19	20
4	21	15	14	22	23	19	18	24
5	25	26	22	14	27	28	24	18
6	29	30	31	32	33	34	35	36
7	29	37	38	30	33	39	40	34
8	41	42	43	44	45	46	47	48
9	49	50	21	22	51	52	23	24
10	22	26	53	49	24	28	54	51
11	55	56	57	58	59	60	61	62
12	63	64	56	55	65	66	60	59
13	67	68	64	63	69	70	66	65
14	71	72	73	74	75	76	77	78
15	79	80	81	82	83	84	85	86
16	87	88	89	90	91	92	93	94
17	3	95	96	4	7	97	98	8
18	99	100	101	102	103	104	105	106
19	107	108	109	110	111	112	113	114
20	115	116	10	82	117	118	12	86
21	81	119	120	121	85	122	123	124
22	120	125	126	127	123	128	129	130
23	80	131	119	81	84	132	122	85
24	133	134	68	67	135	136	70	69
25	137	138	134	133	139	140	136	135
26	88	141	142	89	92	143	144	93
27	126	145	146	147	129	148	149	150
28	151	29	32	152	153	33	36	154
29	151	155	37	29	153	156	39	33
30	157	158	159	160	161	162	163	164
31	165	166	167	168	169	170	171	172
32	173	174	166	165	175	176	170	169
33	177	178	179	180	181	182	183	184
34	108	185	186	116	112	187	188	118
35	189	190	100	99	191	192	104	103
36	193	194	95	195	196	197	97	198
37	2	10	116	186	6	12	118	188
38	199	3	2	186	200	7	6	188
39	185	201	199	186	187	202	200	188
40	168	167	203	194	172	171	204	197
41	194	203	96	95	197	204	98	97
42	179	205	206	207	183	208	209	210
43	32	31	211	212	36	35	213	214
44	215	180	216	217	218	184	219	220
45	217	216	173	221	220	219	175	222
46	158	223	224	159	162	225	226	163
47	227	25	14	13	228	27	18	17
48	229	230	231	232	233	234	235	236
49	237	238	239	240	241	242	243	244
50	232	231	245	246	236	235	247	248
51	249	205	250	251	252	208	253	254
52	255	249	251	256	257	252	254	258
53	245	259	255	238	247	260	257	242
54	231	261	259	245	235	262	260	247
55	212	211	263	261	214	213	264	262
56	152	32	212	230	154	36	214	234
57	265	167	166	266	267	171	170	268
58	266	166	174	269	268	170	176	270
59	4	16	15	1	8	20	19	5
60	266	211	31	265	268	213	35	267
61	265	31	30	271	267	35	34	272
62	271	203	167	265	272	204	171	267
63	273	107	110	274	275	111	114	276
64	207	206	269	174	210	209	270	176
65	269	263	211	266	270	264	213	268
66	9	1	15	21	11	5	19	23
67	79	82	10	9	83	86	12	11
68	96	277	16	4	98	278	20	8
69	96	203	271	277	98	204	272	278
70	102	101	155	279	106	105	156	280
71	155	101	227	37	156	105	228	39
72	281	282	41	283	284	285	45	286
73	131	281	283	119	132	284	286	122
74	283	41	44	125	286	45	48	128
75	119	283	125	120	122	286	128	123
76	125	44	145	126	128	48	148	129
77	44	43	287	145	48	47	288	148
78	282	289	42	41	285	290	46	45
79	291	287	68	134	292	288	70	136
80	21	50	79	9	23	52	83	11
81	50	293	80	79	52	294	84	83
82	49	295	293	50	51	296	294	52
83	74	73	297	298	78	77	299	300
84	301	298	282	281	302	300	285	284
85	82	81	121	115	86	85	124	117
86	297	73	303	304	299	77	305	306
87	307	304	303	308	309	306	305	310
88	73	72	311	303	77	76	312	305
89	313	314	88	87	315	316	92	91
90	317	311	314	313	318	312	316	315
91	314	71	141	88	316	75	143	92
92	308	303	311	317	310	305	312	318
93	298	297	289	282	300	299	290	285
94	43	42	56	64	47	46	60	66
95	287	43	64	68	288	47	66	70
96	319	320	190	189	321	322	192	191
97	108	116	115	109	112	118	117	113
98	90	89	323	324	94	93	325	326
99	89	142	327	323	93	144	328	325
100	127	126	147	329	130	129	150	330
101	311	72	71	314	312	76	75	316
102	53	26	190	320	54	28	192	322
103	53	327	295	49	54	328	296	51
104	323	327	53	320	325	328	54	322
105	274	110	331	332	276	114	333	334
106	332	331	329	335	334	333	330	336
107	109	337	331	110	113	338	333	114
108	121	120	127	337	124	123	130	338
109	115	121	337	109	117	124	338	113
110	337	127	329	331	338	130	330	333
111	335	329	147	339	336	330	150	340
112	339	147	146	341	340	150	149	342
113	261	263	343	259	262	264	344	260
114	206	343	263	269	209	344	264	270
115	205	249	343	206	208	252	344	209
116	259	343	249	255	260	344	252	257
117	157	345	201	158	161	346	202	162
118	347	151	152	348	349	153	154	350
119	324	323	320	319	326	325	322	321
120	37	227	13	38	39	228	17	40
121	38	13	16	277	40	17	20	278
122	30	38	277	271	34	40	278	272
123	95	3	351	195	97	7	352	198
124	100	190	26	25	104	192	28	27
125	101	100	25	227	105	104	27	228
126	221	173	165	353	222	175	169	354
127	216	207	174	173	219	210	176	175
128	199	355	351	3	200	356	352	7
129	355	199	201	345	356	200	202	346
130	327	142	357	295	328	144	358	296
131	142	141	359	357	144	143	360	358
132	361	301	281	131	362	302	284	132
133	293	361	131	80	294	362	132	84
134	295	357	361	293	296	358	362	294
135	359	74	298	301	360	78	300	302
136	141	71	74	359	143	75	78	360
137	357	359	301	361	358	360	302	362
138	145	287	291	146	148	288	292	149
139	363	291	134	138	364	292	136	140
140	341	146	291	363	342	149	292	364
141	58	57	304	307	62	61	306	309
142	42	289	57	56	46	290	61	60
143	289	297	304	57	290	299	306	61
144	279	155	151	347	280	156	153	349
145	365	168	194	193	366	172	197	196
146	353	165	168	365	354	169	172	366
147	223	185	108	107	225	187	112	111
148	158	201	185	223	162	202	187	225
149	223	107	273	224	225	111	275	226
150	348	152	230	229	350	154	234	233
151	230	212	261	231	234	214	262	235
152	246	245	238	237	248	247	242	241
153	238	255	256	239	242	257	258	243
154	205	179	178	250	208	183	182	253
155	180	179	207	216	184	183	210	219
156	367	177	180	215	368	181	184	218
157	246	237	369	370	248	241	371	372
158	237	240	373	369	241	244	374	371
159	232	246	370	375	236	248	372	376
160	229	232	375	377	233	236	376	378
161	348	229	377	379	350	233	378	380
162	347	348	379	381	349	350	380	382
163	279	347	381	383	280	349	382	384
164	102	279	383	385	106	280	384	386
165	99	102	385	387	103	106	386	388
166	189	99	387	389	191	103	388	390
167	319	189	389	391	321	191	390	392
168	324	319	391	393	326	321	392	394
169	90	324	393	395	94	326	394	396
170	87	90	395	397	91	94	396	398
171	313	87	397	399	315	91	398	400
172	317	313	399	401	318	315	400	402
173	308	317	401	403	310	318	402	404
174	307	308	403	405	309	310	404	406
175	58	307	405	407	62	309	406	408
176	55	58	407	409	59	62	408	410
177	63	55	409	411	65	59	410	412
178	67	63	411	413	69	65	412	414
179	133	67	413	415	135	69	414	416
180	137	133	415	417	139	135	416	418
181	369	373	419	420	371	374	421	422
182	370	369	420	423	372	371	422	424
183	375	370	423	425	376	372	424	426
184	377	375	425	427	378	376	426	428
185	379	377	427	429	380	378	428	430
186	381	379	429	431	382	380	430	432
187	383	381	431	433	384	382	432	434
188	385	383	433	435	386	384	434	436
189	387	385	435	437	388	386	436	438
190	389	387	437	439	390	388	438	440
191	391	389	439	441	392	390	440	442
192	393	391	441	443	394	392	442	444
193	395	393	443	445	396	394	444	446
194	397	395	445	447	398	396	446	448
195	399	397	447	449	400	398	448	450
196	401	399	449	451	402	400	450	452
197	403	401	451	453	404	402	452	454
198	405	403	453	455	406	404	454	456
199	407	405	455	457	408	406	456	458
200	409	407	457	459	410	408	458	460
201	411	409	459	461	412	410	460	462
202	413	411	461	463	414	412	462	464
203	415	413	463	465	416	414	464	466
204	417	415	465	467	418	416	466	468
205	5	6	7	8	469	470	471	472
206	5	11	12	6	469	473	474	470
207	17	18	19	20	475	476	477	478
208	23	19	18	24	479	477	476	480
209	27	28	24	18	481	482	480	476
210	33	34	35	36	483	484	485	486
211	33	39	40	34	483	487	488	484
212	45	46	47	48	489	490	491	492
213	51	52	23	24	493	494	479	480
214	24	28	54	51	480	482	495	493
215	59	60	61	62	496	497	498	499
216	65	66	60	59	500	501	497	496
217	69	70	66	65	502	503	501	500
218	75	76	77	78	504	505	506	507
219	83	84	85	86	508	509	510	511
220	91	92	93	94	512	513	514	515
221	7	97	98	8	471	516	517	472
222	103	104	105	106	518	519	520	521
223	111	112	113	114	522	523	524	525
224	117	118	12	86	526	527	474	511
225	85	122	123	124	510	528	529	530
226	123	128	129	130	529	531	532	533
227	84	132	122	85	509	534	528	510
228	135	136	70	69	535	536	503	502
229	139	140	136	135	537	538	536	535
230	92	143	144	93	513	539	540	514
231	129	148	149	150	532	541	542	543
232	153	33	36	154	544	483	486	545
233	153	156	39	33	544	546	487	483
234	161	162	163	164	547	548	549	550
235	169	170	171	172	551	552	553	554
236	175	176	170	169	555	556	552	551
237	181	182	183	184	557	558	559	560
238	112	187	188	118	523	561	562	527
239	191	192	104	103	563	564	519	518
240	196	197	97	198	565	566	516	567
241	6	12	118	188	470	474	527	562
242	200	7	6	188	568	471	470	562
243	187	202	200	188	561	569	568	562
244	172	171	204	197	554	553	570	566
245	197	204	98	97	566	570	517	516
246	183	208	209	210	559	571	572	573
247	36	35	213	214	486	485	574	575
248	218	184	219	220	576	560	577	578
249	220	219	175	222	578	577	555	579
250	162	225	226	163	548	580	581	549
251	228	27	18	17	582	481	476	475
252	233	234	235	236	583	584	585	586
253	241	242	243	244	587	588	589	590
254	236	235	247	248	586	585	591	592
255	252	208	253	254	593	571	594	595
256	257	252	254	258	596	593	595	597
257	247	260	257	242	591	598	596	588
258	235	262	260	247	585	599	598	591
259	214	213	264	262	575	574	600	599
260	154	36	214	234	545	486	575	584
261	267	171	170	268	601	553	552	602
262	268	170	176	270	602	552	556	603
263	8	20	19	5	472	478	477	469
264	268	213	35	267	602	574	485	601
265	267	35	34	272	601	485	484	604
266	272	204	171	267	604	570	553	601
267	275	111	114	276	605	522	525	606
268	210	209	270	176	573	572	603	556
269	270	264	213	268	603	600	574	602
270	11	5	19	23	473	469	477	479
271	83	86	12	11	508	511	474	473
272	98	278	20	8	517	607	478	472
273	98	204	272	278	517	570	604	607
274	106	105	156	280	521	520	546	608
275	156	105	228	39	546	520	582	487
276	284	285	45	286	609	610	489	611
277	132	284	286	122	534	609	611	528
278	286	45	48	128	611	489	492	531
279	122	286	128	123	528	611	531	529
280	128	48	148	129	531	492	541	532
281	48	47	288	148	492	491	612	541
282	285	290	46	45	610	613	490	489
283	292	288	70	136	614	612	503	536
284	23	52	83	11	479	494	508	473
285	52	294	84	83	494	615	509	508
286	51	296	294	52	493	616	615	494
287	78	77	299	300	507	506	617	618
288	302	300	285	284	619	618	610	609
289	86	85	124	117	511	510	530	526
290	299	77	305	306	617	506	620	621
291	309	306	305	310	622	621	620	623
292	77	76	312	305	506	505	624	620
293	315	316	92	91	625	626	513	512
294	318	312	316	315	627	624	626	625
295	316	75	143	92	626	504	539	513
296	310	305	312	318	623	620	624	627
297	300	299	290	285	618	617	613	610
298	47	46	60	66	491	490	497	501
299	288	47	66	70	612	491	501	503
300	321	322	192	191	628	629	564	563
301	112	118	117	113	523	527	526	524
302	94	93	325	326	515	514	630	631
303	93	144	328	325	514	540	632	630
304	130	129	150	330	533	532	543	633
305	312	76	75	316	624	505	504	626
306	54	28	192	322	495	482	564	629
307	54	328	296	51	495	632	616	493
308	325	328	54	322	630	632	495	629
309	276	114	333	334	606	525	634	635
310	334	333	330	336	635	634	633	636
311	113	338	333	114	524	637	634	525
312	124	123	130	338	530	529	533	637
313	117	124	338	113	526	530	637	524
314	338	130	330	333	637	533	633	634
315	336	330	150	340	636	633	543	638
316	340	150	149	342	638	543	542	639
317	262	264	344	260	599	600	640	598
318	209	344	264	270	572	640	600	603
319	208	252	344	209	571	593	640	572
320	260	344	252	257	598	640	593	596
321	161	346	202	162	547	641	569	548
322	349	153	154	350	642	544	545	643
323	326	325	322	321	631	630	629	628
324	39	228	17	40	487	582	475	488
325	40	17	20	278	488	475	478	607
326	34	40	278	272	484	488	607	604
327	97	7	352	198	516	471	644	567
328	104	192	28	27	519	564	482	481
329	105	104	27	228	520	519	481	582
330	222	175	169	354	579	555	551	645
331	219	210	176	175	577	573	556	555
332	200	356	352	7	568	646	644	471
333	356	200	202	346	646	568	569	641
334	328	144	358	296	632	540	647	616
335	144	143	360	358	540	539	648	647
336	362	302	284	132	649	619	609	534
337	294	362	132	84	615	649	534	509
338	296	358	362	294	616	647	649	615
339	360	78	300	302	648	507	618	619
340	143	75	78	360	539	504	507	648
341	358	360	302	362	647	648	619	649
342	148	288	292	149	541	612	614	542
343	364	292	136	140	650	614	536	538
344	342	149	292	364	639	542	614	650
345	62	61	306	309	499	498	621	622
346	46	290	61	60	490	613	498	497
347	290	299	306	61	613	617	621	498
348	280	156	153	349	608	546	544	642
349	366	172	197	196	651	554	566	565
350	354	169	172	366	645	551	554	651
351	225	187	112	111	580	561	523	522
352	162	202	187	225	548	569	561	580
353	225	111	275	226	580	522	605	581
354	350	154	234	233	643	545	584	583
355	234	214	262	235	584	575	599	585
356	248	247	242	241	592	591	588	587
357	242	257	258	243	588	596	597	589
358	208	183	182	253	571	559	558	594
359	184	183	210	219	560	559	573	577
360	368	181	184	218	652	557	560	576
361	248	241	371	372	592	587	653	654
362	241	244	374	371	587	590	655	653
363	236	248	372	376	586	592	654	656
364	233	236	376	378	583	586	656	657
365	350	233	378	380	643	583	657	658
366	349	350	380	382	642	643	658	659
367	280	349	382	384	608	642	659	660
368	106	280	384	386	521	608	660	661
369	103	106	386	388	518	521	661	662
370	191	103	388	390	563	518	662	663
371	321	191	390	392	628	563	663	664
372	326	321	392	394	631	628	664	665
373	94	326	394	396	515	631	665	666
374	91	94	396	398	512	515	666	667
375	315	91	398	400	625	512	667	668
376	318	315	400	402	627	625	668	669
377	310	318	402	404	623	627	669	670
378	309	310	404	406	622	623	670	671
379	62	309	406	408	499	622	671	672
380	59	62	408	410	496	499	672	673
381	65	59	410	412	500	496	673	674
382	69	65	412	414	502	500	674	675
383	135	69	414	416	535	502	675	676
384	139	135	416	418	537	535	676	677
385	371	374	421	422	653	655	678	679
386	372	371	422	424	654	653	679	680
387	376	372	424	426	656	654	680	681
388	378	376	426	428	657	656	681	682
389	380	378	428	430	658	657	682	683
390	382	380	430	432	659	658	683	684
391	384	382	432	434	660	659	684	685
392	386	384	434	436	661	660	685	686
393	388	386	436	438	662	661	686	687
394	390	388	438	440	663	662	687	688
395	392	390	440	442	664	663	688	689
396	394	392	442	444	665	664	689	690
397	396	394	444	446	666	665	690	691
398	398	396	446	448	667	666	691	692
399	400	398	448	450	668	667	692	693
400	402	400	450	452	669	668	693	694
401	404	402	452	454	670	669	694	695
402	406	404	454	456	671	670	695	696
403	408	406	456	458	672	671	696	697
404	410	408	458	460	673	672	697	698
405	412	410	460	462	674	673	698	699
406	414	412	462	464	675	674	699	700
407	416	414	464	466	676	675	700	701
408	418	416	466	468	677	676	701	702
409	469	470	471	472	703	704	705	706
410	469	473	474	470	703	707	708	704
411	475	476	477	478	709	710	711	712
412	479	477	476	480	713	711	710	714
413	481	482	480	476	715	716	714	710
414	483	484	485	486	717	718	719	720
415	483	487	488	484	717	721	722	718
416	489	490	491	492	723	724	725	726
417	493	494	479	480	727	728	713	714
418	480	482	495	493	714	716	729	727
419	496	497	498	499	730	731	732	733
420	500	501	497	496	734	735	731	730
421	502	503	501	500	736	737	735	734
422	504	505	506	507	738	739	740	741
423	508	509	510	511	742	743	744	745
424	512	513	514	515	746	747	748	749
425	471	516	517	472	705	750	751	706
426	518	519	520	521	752	753	754	755
427	522	523	524	525	756	757	758	759
428	526	527	474	511	760	761	708	745
429	510	528	529	530	744	762	763	764
430	529	531	532	533	763	765	766	767
431	509	534	528	510	743	768	762	744
432	535	536	503	502	769	770	737	736
433	537	538	536	535	771	772	770	769
434	513	539	540	514	747	773	774	748
435	532	541	542	543	766	775	776	777
436	544	483	486	545	778	717	720	779
437	544	546	487	483	778	780	721	717
438	547	548	549	550	781	782	783	784
439	551	552	553	554	785	786	787	788
440	555	556	552	551	789	790	786	785
441	557	558	559	560	791	792	793	794
442	523	561	562	527	757	795	796	761
443	563	564	519	518	797	798	753	752
444	565	566	516	567	799	800	750	801
445	470	474	527	562	704	708	761	796
446	568	471	470	562	802	705	704	796
447	561	569	568	562	795	803	802	796
448	554	553	570	566	788	787	804	800
449	566	570	517	516	800	804	751	750
450	559	571	572	573	793	805	806	807
451	486	485	574	575	720	719	808	809
452	576	560	577	578	810	794	811	812
453	578	577	555	579	812	811	789	813
454	548	580	581	549	782	814	815	783
455	582	481	476	475	816	715	710	709
456	583	584	585	586	817	818	819	820
457	587	588	589	590	821	822	823	824
458	586	585	591	592	820	819	825	826
459	593	571	594	595	827	805	828	829
460	596	593	595	597	830	827	829	831
461	591	598	596	588	825	832	830	822
462	585	599	598	591	819	833	832	825
463	575	574	600	599	809	808	834	833
464	545	486	575	584	779	720	809	818
465	601	553	552	602	835	787	786	836
466	602	552	556	603	836	786	790	837
467	472	478	477	469	706	712	711	703
468	602	574	485	601	836	808	719	835
469	601	485	484	604	835	719	718	838
470	604	570	553	601	838	804	787	835
471	605	522	525	606	839	756	759	840
472	573	572	603	556	807	806	837	790
473	603	600	574	602	837	834	808	836
474	473	469	477	479	707	703	711	713
475	508	511	474	473	742	745	708	707
476	517	607	478	472	751	841	712	706
477	517	570	604	607	751	804	838	841
478	521	520	546	608	755	754	780	842
479	546	520	582	487	780	754	816	721
480	609	610	489	611	843	844	723	845
481	534	609	611	528	768	843	845	762
482	611	489	492	531	845	723	726	765
483	528	611	531	529	762	845	765	763
484	531	492	541	532	765	726	775	766
485	492	491	612	541	726	725	846	775
486	610	613	490	489	844	847	724	723
487	614	612	503	536	848	846	737	770
488	479	494	508	473	713	728	742	707
489	494	615	509	508	728	849	743	742
490	493	616	615	494	727	850	849	728
491	507	506	617	618	741	740	851	852
492	619	618	610	609	853	852	844	843
493	511	510	530	526	745	744	764	760
494	617	506	620	621	851	740	854	855
495	622	621	620	623	856	855	854	857
496	506	505	624	620	740	739	858	854
497	625	626	513	512	859	860	747	746
498	627	624	626	625	861	858	860	859
499	626	504	539	513	860	738	773	747
500	623	620	624	627	857	854	858	861
501	618	617	613	610	852	851	847	844
502	491	490	497	501	725	724	731	735
503	612	491	501	503	846	725	735	737
504	628	629	564	563	862	863	798	797
505	523	527	526	524	757	761	760	758
506	515	514	630	631	749	748	864	865
507	514	540	632	630	748	774	866	864
508	533	532	543	633	767	766	777	867
509	624	505	504	626	858	739	738	860
510	495	482	564	629	729	716	798	863
511	495	632	616	493	729	866	850	727
512	630	632	495	629	864	866	729	863
513	606	525	634	635	840	759	868	869
514	635	634	633	636	869	868	867	870
515	524	637	634	525	758	871	868	759
516	530	529	533	637	764	763	767	871
517	526	530	637	524	760	764	871	758
518	637	533	633	634	871	767	867	868
519	636	633	543	638	870	867	777	872
520	638	543	542	639	872	777	776	873
521	599	600	640	598	833	834	874	832
522	572	640	600	603	806	874	834	837
523	571	593	640	572	805	827	874	806
524	598	640	593	596	832	874	827	830
525	547	641	569	548	781	875	803	782
526	642	544	545	643	876	778	779	877
527	631	630	629	628	865	864	863	862
528	487	582	475	488	721	816	709	722
529	488	475	478	607	722	709	712	841
530	484	488	607	604	718	722	841	838
531	516	471	644	567	750	705	878	801
532	519	564	482	481	753	798	716	715
533	520	519	481	582	754	753	715	816
534	579	555	551	645	813	789	785	879
535	577	573	556	555	811	807	790	789
536	568	646	644	471	802	880	878	705
537	646	568	569	641	880	802	803	875
538	632	540	647	616	866	774	881	850
539	540	539	648	647	774	773	882	881
540	649	619	609	534	883	853	843	768
541	615	649	534	509	849	883	768	743
542	616	647	649	615	850	881	883	849
543	648	507	618	619	882	741	852	853
544	539	504	507	648	773	738	741	882
545	647	648	619	649	881	882	853	883
546	541	612	614	542	775	846	848	776
547	650	614	536	538	884	848	770	772
548	639	542	614	650	873	776	848	884
549	499	498	621	622	733	732	855	856
550	490	613	498	497	724	847	732	731
551	613	617	621	498	847	851	855	732
552	608	546	544	642	842	780	778	876
553	651	554	566	565	885	788	800	799
554	645	551	554	651	879	785	788	885
555	580	561	523	522	814	795	757	756
556	548	569	561	580	782	803	795	814
557	580	522	605	581	814	756	839	815
558	643	545	584	583	877	779	818	817
559	584	575	599	585	818	809	833	819
560	592	591	588	587	826	825	822	821
561	588	596	597	589	822	830	831	823
562	571	559	558	594	805	793	792	828
563	560	559	573	577	794	793	807	811
564	652	557	560	576	886	791	794	810
565	592	587	653	654	826	821	887	888
566	587	590	655	653	821	824	889	887
567	586	592	654	656	820	826	888	890
568	583	586	656	657	817	820	890	891
569	643	583	657	658	877	817	891	892
570	642	643	658	659	876	877	892	893
571	608	642	659	660	842	876	893	894
572	521	608	660	661	755	842	894	895
573	518	521	661	662	752	755	895	896
574	563	518	662	663	797	752	896	897
575	628	563	663	664	862	797	897	898
576	631	628	664	665	865	862	898	899
577	515	631	665	666	749	865	899	900
578	512	515	666	667	746	749	900	901
579	625	512	667	668	859	746	901	902
580	627	625	668	669	861	859	902	903
581	623	627	669	670	857	861	903	904
582	622	623	670	671	856	857	904	905
583	499	622	671	672	733	856	905	906
584	496	499	672	673	730	733	906	907
585	500	496	673	674	734	730	907	908
586	502	500	674	675	736	734	908	909
587	535	502	675	676	769	736	909	910
588	537	535	676	677	771	769	910	911
589	653	655	678	679	887	889	912	913
590	654	653	679	680	888	887	913	914
591	656	654	680	681	890	888	914	915
592	657	656	681	682	891	890	915	916
593	658	657	682	683	892	891	916	917
594	659	658	683	684	893	892	917	918
595	660	659	684	685	894	893	918	919
596	661	660	685	686	895	894	919	920
597	662	661	686	687	896	895	920	921
598	663	662	687	688	897	896	921	922
599	664	663	688	689	898	897	922	923
600	665	664	689	690	899	898	923	924
601	666	665	690	691	900	899	924	925
602	667	666	691	692	901	900	925	926
603	668	667	692	693	902	901	926	927
604	669	668	693	694	903	902	927	928
605	670	669	694	695	904	903	928	929
606	671	670	695	696	905	904	929	930
607	672	671	696	697	906	905	930	931
608	673	672	697	698	907	906	931	932
609	674	673	698	699	908	907	932	933
610	675	674	699	700	909	908	933	934
611	676	675	700	701	910	909	934	935
612	677	676	701	702	911	910	935	936
613	419	420	422	421	937	938	939	940
614	420	423	424	422	938	941	942	939
615	423	425	426	424	941	943	944	942
616	425	427	428	426	943	945	946	944
617	427	429	430	428	945	947	948	946
618	429	431	432	430	947	949	950	948
619	431	433	434	432	949	951	952	950
620	433	435	436	434	951	953	954	952
621	435	437	438	436	953	955	956	954
622	437	439	440	438	955	957	958	956
623	439	441	442	440	957	959	960	958
624	441	443	444	442	959	961	962	960
625	443	445	446	444	961	963	964	962
626	445	447	448	446	963	965	966	964
627	447	449	450	448	965	967	968	966
628	449	451	452	450	967	969	970	968
629	451	453	454	452	969	971	972	970
630	453	455	456	454	971	973	974	972
631	455	457	458	456	973	975	976	974
632	457	459	460	458	975	977	978	976
633	459	461	462	460	977	979	980	978
634	461	463	464	462	979	981	982	980
635	463	465	466	464	981	983	984	982
636	465	467	468	466	983	985	986	984
637	421	422	679	678	940	939	987	988
638	422	424	680	679	939	942	989	987
639	424	426	681	680	942	944	990	989
640	426	428	682	681	944	946	991	990
641	428	430	683	682	946	948	992	991
642	430	432	684	683	948	950	993	992
643	432	434	685	684	950	952	994	993
644	434	436	686	685	952	954	995	994
645	436	438	687	686	954	956	996	995
646	438	440	688	687	956	958	997	996
647	440	442	689	688	958	960	998	997
648	442	444	690	689	960	962	999	998
649	444	446	691	690	962	964	1000	999
650	446	448	692	691	964	966	1001	1000
651	448	450	693	692	966	968	1002	1001
652	450	452	694	693	968	970	1003	1002
653	452	454	695	694	970	972	1004	1003
654	454	456	696	695	972	974	1005	1004
655	456	458	697	696	974	976	1006	1005
656	458	460	698	697	976	978	1007	1006
657	460	462	699	698	978	980	1008	1007
658	462	464	700	699	980	982	1009	1008
659	464	466	701	700	982	984	1010	1009
660	466	468	702	701	984	986	1011	1010
661	678	679	913	912	988	987	1012	1013
662	679	680	914	913	987	989	1014	1012
663	680	681	915	914	989	990	1015	1014
664	681	682	916	915	990	991	1016	1015
665	682	683	917	916	991	992	1017	1016
666	683	684	918	917	992	993	1018	1017
667	684	685	919	918	993	994	1019	1018
668	685	686	920	919	994	995	1020	1019
669	686	687	921	920	995	996	1021	1020
670	687	688	922	921	996	997	1022	1021
671	688	689	923	922	997	998	1023	1022
672	689	690	924	923	998	999	1024	1023
673	690	691	925	924	999	1000	1025	1024
674	691	692	926	925	1000	1001	1026	1025
675	692	693	927	926	1001	1002	1027	1026
676	693	694	928	927	1002	1003	1028	1027
677	694	695	929	928	1003	1004	1029	1028
678	695	696	930	929	1004	1005	1030	1029
679	696	697	931	930	1005	1006	1031	1030
680	697	698	932	931	1006	1007	1032	1031
681	698	699	933	932	1007	1008	1033	1032
682	699	700	934	933	1008	1009	1034	1033
683	700	701	935	934	1009	1010	1035	1034
684	701	702	936	935	1010	1011	1036	1035
685	1037	1038	1039	1040	1041	1042	1043	1044
686	1045	1038	1037	1046	1047	1042	1041	1048
687	1049	1050	1051	1052	1053	1054	1055	1056
688	1052	1057	1058	1049	1056	1059	1060	1053
689	1061	1062	1049	1058	1063	1064	1053	1060
690	1065	1066	1067	1068	1069	1070	1071	1072
691	1073	1066	1065	1074	1075	1070	1069	1076
692	1077	1078	1079	1080	1081	1082	1083	1084
693	1085	1086	1058	1057	1087	1088	1060	1059
694	1061	1058	1086	1089	1063	1060	1088	1090
695	1091	1092	1093	1094	1095	1096	1097	1098
696	1099	1100	1092	1091	1101	1102	1096	1095
697	1103	1104	1100	1099	1105	1106	1102	1101
698	1107	1108	1109	1110	1111	1112	1113	1114
699	1115	1116	1117	1118	1119	1120	1121	1122
700	1123	1124	1125	1126	1127	1128	1129	1130
701	1131	1040	1039	1132	1133	1044	1043	1134
702	1135	1136	1137	1138	1139	1140	1141	1142
703	1143	1144	1145	1146	1147	1148	1149	1150
704	1151	1152	1117	1046	1153	1154	1121	1048
705	1155	1118	1156	1157	1158	1122	1159	1160
706	1161	1157	1162	1163	1164	1160	1165	1166
707	1167	1115	1118	1155	1168	1119	1122	1158
708	1169	1170	1104	1103	1171	1172	1106	1105
709	138	137	1170	1169	140	139	1172	1171
710	1173	1123	1126	1174	1175	1127	1130	1176
711	1177	1163	1178	1179	1180	1166	1181	1182
712	1066	1183	1184	1067	1070	1185	1186	1071
713	1187	1183	1066	1073	1188	1185	1070	1075
714	1189	1190	160	159	1191	1192	164	163
715	1193	1194	1195	1196	1197	1198	1199	1200
716	1201	1202	1194	1193	1203	1204	1198	1197
717	178	177	1205	1206	182	181	1207	1208
718	1209	1143	1151	1210	1211	1147	1153	1212
719	1213	1214	1136	1135	1215	1216	1140	1139
720	1217	1218	1219	1131	1220	1221	1222	1133
721	1046	1037	1210	1151	1048	1041	1212	1153
722	1040	1223	1210	1037	1044	1224	1212	1041
723	1225	1209	1210	1223	1226	1211	1212	1224
724	1196	1195	1217	1227	1200	1199	1220	1228
725	1227	1217	1131	1132	1228	1220	1133	1134
726	1229	1206	1230	1231	1232	1208	1233	1234
727	1068	1067	1235	1236	1072	1071	1237	1238
728	1205	1239	1240	1241	1207	1242	1243	1244
729	1241	1240	1245	1202	1244	1243	1246	1204
730	1247	1189	159	224	1248	1191	163	226
731	1062	1249	1050	1049	1064	1250	1054	1053
732	1251	1252	1253	1254	1255	1256	1257	1258
733	1259	1260	240	239	1261	1262	244	243
734	1254	1253	1263	1264	1258	1257	1265	1266
735	1229	1267	251	250	1232	1268	254	253
736	1267	1269	256	251	1268	1270	258	254
737	1271	1264	1259	1269	1272	1266	1261	1270
738	1273	1254	1264	1271	1274	1258	1266	1272
739	1236	1235	1273	1275	1238	1237	1274	1276
740	1067	1184	1251	1235	1071	1186	1255	1237
741	1196	1277	1278	1193	1200	1279	1280	1197
742	1193	1278	1281	1201	1197	1280	1282	1203
743	1051	1039	1038	1052	1055	1043	1042	1056
744	1236	1278	1277	1068	1238	1280	1279	1072
745	1068	1277	1283	1065	1072	1279	1284	1069
746	1227	1283	1277	1196	1228	1284	1279	1200
747	1144	273	274	1145	1148	275	276	1149
748	1231	1230	1201	1281	1234	1233	1203	1282
749	1275	1281	1278	1236	1276	1282	1280	1238
750	1038	1045	1057	1052	1042	1047	1059	1056
751	1117	1116	1045	1046	1121	1120	1047	1048
752	1285	1132	1039	1051	1286	1134	1043	1055
753	1227	1132	1285	1283	1228	1134	1286	1284
754	1138	1137	1287	1187	1142	1141	1288	1188
755	1138	1187	1073	1249	1142	1188	1075	1250
756	1289	1290	1291	1078	1292	1293	1294	1082
757	1290	1167	1155	1291	1293	1168	1158	1294
758	1078	1291	1161	1079	1082	1294	1164	1083
759	1291	1155	1157	1161	1294	1158	1160	1164
760	1079	1161	1163	1177	1083	1164	1166	1180
761	1080	1079	1177	1295	1084	1083	1180	1296
762	1297	1289	1078	1077	1298	1292	1082	1081
763	1295	1299	1169	1103	1296	1300	1171	1105
764	1085	1057	1045	1116	1087	1059	1047	1120
765	1301	1085	1116	1115	1302	1087	1120	1119
766	1303	1086	1085	1301	1304	1088	1087	1302
767	1110	1109	1305	1306	1114	1113	1307	1308
768	1305	1309	1290	1289	1307	1310	1293	1292
769	1118	1117	1152	1156	1122	1121	1154	1159
770	1110	1306	1311	1312	1114	1308	1313	1314
771	1311	1315	1316	1312	1313	1317	1318	1314
772	1107	1110	1312	1319	1111	1114	1314	1320
773	1321	1322	1124	1123	1323	1324	1128	1127
774	1319	1325	1322	1321	1320	1326	1324	1323
775	1108	1321	1123	1173	1112	1323	1127	1175
776	1312	1316	1325	1319	1314	1318	1326	1320
777	1306	1305	1289	1297	1308	1307	1292	1298
778	1077	1080	1099	1091	1081	1084	1101	1095
779	1080	1295	1103	1099	1084	1296	1105	1101
780	1327	1328	1214	1213	1329	1330	1216	1215
781	1151	1143	1146	1152	1153	1147	1150	1154
782	1126	1125	1331	1332	1130	1129	1333	1334
783	1174	1126	1332	1335	1176	1130	1334	1336
784	1163	1162	1337	1178	1166	1165	1338	1181
785	1107	1319	1321	1108	1111	1320	1323	1112
786	1061	1089	1327	1213	1063	1090	1329	1215
787	1335	1089	1086	1303	1336	1090	1088	1304
788	1335	1332	1327	1089	1336	1334	1329	1090
789	1145	274	332	1339	1149	276	334	1340
790	1339	332	335	1337	1340	334	336	1338
791	1341	1146	1145	1339	1342	1150	1149	1340
792	1157	1156	1341	1162	1160	1159	1342	1165
793	1156	1152	1146	1341	1159	1154	1150	1342
794	1162	1341	1339	1337	1165	1342	1340	1338
795	1337	335	339	1178	1338	336	340	1181
796	1178	339	341	1179	1181	340	342	1182
797	1275	1273	1271	1343	1276	1274	1272	1344
798	1343	1231	1281	1275	1344	1234	1282	1276
799	1267	1229	1231	1343	1268	1232	1234	1344
800	1343	1271	1269	1267	1344	1272	1270	1268
801	1345	1190	1189	1225	1346	1192	1191	1226
802	1183	1347	1348	1184	1185	1349	1350	1186
803	1332	1331	1328	1327	1334	1333	1330	1329
804	1249	1073	1074	1050	1250	1075	1076	1054
805	1050	1074	1285	1051	1054	1076	1286	1055
806	1074	1065	1283	1285	1076	1069	1284	1286
807	1040	1131	1219	1351	1044	1133	1222	1352
808	1213	1135	1062	1061	1215	1139	1064	1063
809	1135	1138	1249	1062	1139	1142	1250	1064
810	1202	1245	1353	1194	1204	1246	1354	1198
811	1230	1241	1202	1201	1233	1244	1204	1203
812	1355	1223	1040	1351	1356	1224	1044	1352
813	1223	1355	1345	1225	1224	1356	1346	1226
814	1174	1335	1303	1357	1176	1336	1304	1358
815	1173	1174	1357	1359	1175	1176	1358	1360
816	1309	1361	1167	1290	1310	1362	1168	1293
817	1361	1301	1115	1167	1362	1302	1119	1168
818	1357	1303	1301	1361	1358	1304	1302	1362
819	1109	1359	1309	1305	1113	1360	1310	1307
820	1108	1173	1359	1109	1112	1175	1360	1113
821	1359	1357	1361	1309	1360	1358	1362	1310
822	1295	1177	1179	1299	1296	1180	1182	1300
823	1299	363	138	1169	1300	364	140	1171
824	1179	341	363	1299	1182	342	364	1300
825	1094	1093	1315	1311	1098	1097	1317	1313
826	1297	1077	1091	1094	1298	1081	1095	1098
827	1306	1297	1094	1311	1308	1298	1098	1313
828	1187	1287	1347	1183	1188	1288	1349	1185
829	1195	1363	1218	1217	1199	1364	1221	1220
830	1194	1353	1363	1195	1198	1354	1364	1199
831	1209	1247	1144	1143	1211	1248	1148	1147
832	1225	1189	1247	1209	1226	1191	1248	1211
833	1144	1247	224	273	1148	1248	226	275
834	1184	1348	1252	1251	1186	1350	1256	1255
835	1235	1251	1254	1273	1237	1255	1258	1274
836	1264	1263	1260	1259	1266	1265	1262	1261
837	1269	1259	239	256	1270	1261	243	258
838	1206	1229	250	178	1208	1232	253	182
839	1206	1205	1241	1230	1208	1207	1244	1233
840	177	367	1239	1205	181	368	1242	1207
841	1260	1263	1365	1366	1262	1265	1367	1368
842	240	1260	1366	373	244	1262	1368	374
843	1263	1253	1369	1365	1265	1257	1370	1367
844	1253	1252	1371	1369	1257	1256	1372	1370
845	1252	1348	1373	1371	1256	1350	1374	1372
846	1348	1347	1375	1373	1350	1349	1376	1374
847	1347	1287	1377	1375	1349	1288	1378	1376
848	1287	1137	1379	1377	1288	1141	1380	1378
849	1137	1136	1381	1379	1141	1140	1382	1380
850	1136	1214	1383	1381	1140	1216	1384	1382
851	1214	1328	1385	1383	1216	1330	1386	1384
852	1328	1331	1387	1385	1330	1333	1388	1386
853	1331	1125	1389	1387	1333	1129	1390	1388
854	1125	1124	1391	1389	1129	1128	1392	1390
855	1124	1322	1393	1391	1128	1324	1394	1392
856	1322	1325	1395	1393	1324	1326	1396	1394
857	1325	1316	1397	1395	1326	1318	1398	1396
858	1316	1315	1399	1397	1318	1317	1400	1398
859	1315	1093	1401	1399	1317	1097	1402	1400
860	1093	1092	1403	1401	1097	1096	1404	1402
861	1092	1100	1405	1403	1096	1102	1406	1404
862	1100	1104	1407	1405	1102	1106	1408	1406
863	1104	1170	1409	1407	1106	1172	1410	1408
864	1170	137	417	1409	1172	139	418	1410
865	373	1366	1411	419	374	1368	1412	421
866	1366	1365	1413	1411	1368	1367	1414	1412
867	1365	1369	1415	1413	1367	1370	1416	1414
868	1369	1371	1417	1415	1370	1372	1418	1416
869	1371	1373	1419	1417	1372	1374	1420	1418
870	1373	1375	1421	1419	1374	1376	1422	1420
871	1375	1377	1423	1421	1376	1378	1424	1422
872	1377	1379	1425	1423	1378	1380	1426	1424
873	1379	1381	1427	1425	1380	1382	1428	1426
874	1381	1383	1429	1427	1382	1384	1430	1428
875	1383	1385	1431	1429	1384	1386	1432	1430
876	1385	1387	1433	1431	1386	1388	1434	1432
877	1387	1389	1435	1433	1388	1390	1436	1434
878	1389	1391	1437	1435	1390	1392	1438	1436
879	1391	1393	1439	1437	1392	1394	1440	1438
880	1393	1395	1441	1439	1394	1396	1442	1440
881	1395	1397	1443	1441	1396	1398	1444	1442
882	1397	1399	1445	1443	1398	1400	1446	1444
883	1399	1401	1447	1445	1400	1402	1448	1446
884	1401	1403	1449	1447	1402	1404	1450	1448
885	1403	1405	1451	1449	1404	1406	1452	1450
886	1405	1407	1453	1451	1406	1408	1454	1452
887	1407	1409	1455	1453	1408	1410	1456	1454
888	1409	417	467	1455	1410	418	468	1456
889	1041	1042	1043	1044	1457	1458	1459	1460
890	1047	1042	1041	1048	1461	1458	1457	1462
891	1053	1054	1055	1056	1463	1464	1465	1466
892	1056	1059	1060	1053	1466	1467	1468	1463
893	1063	1064	1053	1060	1469	1470	1463	1468
894	1069	1070	1071	1072	1471	1472	1473	1474
895	1075	1070	1069	1076	1475	1472	1471	1476
896	1081	1082	1083	1084	1477	1478	1479	1480
897	1087	1088	1060	1059	1481	1482	1468	1467
898	1063	1060	1088	1090	1469	1468	1482	1483
899	1095	1096	1097	1098	1484	1485	1486	1487
900	1101	1102	1096	1095	1488	1489	1485	1484
901	1105	1106	1102	1101	1490	1491	1489	1488
902	1111	1112	1113	1114	1492	1493	1494	1495
903	1119	1120	1121	1122	1496	1497	1498	1499
904	1127	1128	1129	1130	1500	1501	1502	1503
905	1133	1044	1043	1134	1504	1460	1459	1505
906	1139	1140	1141	1142	1506	1507	1508	1509
907	1147	1148	1149	1150	1510	1511	1512	1513
908	1153	1154	1121	1048	1514	1515	1498	1462
909	1158	1122	1159	1160	1516	1499	1517	1518
910	1164	1160	1165	1166	1519	1518	1520	1521
911	1168	1119	1122	1158	1522	1496	1499	1516
912	1171	1172	1106	1105	1523	1524	1491	1490
913	140	139	1172	1171	538	537	1524	1523
914	1175	1127	1130	1176	1525	1500	1503	1526
915	1180	1166	1181	1182	1527	1521	1528	1529
916	1070	1185	1186	1071	1472	1530	1531	1473
917	1188	1185	1070	1075	1532	1530	1472	1475
918	1191	1192	164	163	1533	1534	550	549
919	1197	1198	1199	1200	1535	1536	1537	1538
920	1203	1204	1198	1197	1539	1540	1536	1535
921	182	181	1207	1208	558	557	1541	1542
922	1211	1147	1153	1212	1543	1510	1514	1544
923	1215	1216	1140	1139	1545	1546	1507	1506
924	1220	1221	1222	1133	1547	1548	1549	1504
925	1048	1041	1212	1153	1462	1457	1544	1514
926	1044	1224	1212	1041	1460	1550	1544	1457
927	1226	1211	1212	1224	1551	1543	1544	1550
928	1200	1199	1220	1228	1538	1537	1547	1552
929	1228	1220	1133	1134	1552	1547	1504	1505
930	1232	1208	1233	1234	1553	1542	1554	1555
931	1072	1071	1237	1238	1474	1473	1556	1557
932	1207	1242	1243	1244	1541	1558	1559	1560
933	1244	1243	1246	1204	1560	1559	1561	1540
934	1248	1191	163	226	1562	1533	549	581
935	1064	1250	1054	1053	1470	1563	1464	1463
936	1255	1256	1257	1258	1564	1565	1566	1567
937	1261	1262	244	243	1568	1569	590	589
938	1258	1257	1265	1266	1567	1566	1570	1571
939	1232	1268	254	253	1553	1572	595	594
940	1268	1270	258	254	1572	1573	597	595
941	1272	1266	1261	1270	1574	1571	1568	1573
942	1274	1258	1266	1272	1575	1567	1571	1574
943	1238	1237	1274	1276	1557	1556	1575	1576
944	1071	1186	1255	1237	1473	1531	1564	1556
945	1200	1279	1280	1197	1538	1577	1578	1535
946	1197	1280	1282	1203	1535	1578	1579	1539
947	1055	1043	1042	1056	1465	1459	1458	1466
948	1238	1280	1279	1072	1557	1578	1577	1474
949	1072	1279	1284	1069	1474	1577	1580	1471
950	1228	1284	1279	1200	1552	1580	1577	1538
951	1148	275	276	1149	1511	605	606	1512
952	1234	1233	1203	1282	1555	1554	1539	1579
953	1276	1282	1280	1238	1576	1579	1578	1557
954	1042	1047	1059	1056	1458	1461	1467	1466
955	1121	1120	1047	1048	1498	1497	1461	1462
956	1286	1134	1043	1055	1581	1505	1459	1465
957	1228	1134	1286	1284	1552	1505	1581	1580
958	1142	1141	1288	1188	1509	1508	1582	1532
959	1142	1188	1075	1250	1509	1532	1475	1563
960	1292	1293	1294	1082	1583	1584	1585	1478
961	1293	1168	1158	1294	1584	1522	1516	1585
962	1082	1294	1164	1083	1478	1585	1519	1479
963	1294	1158	1160	1164	1585	1516	1518	1519
964	1083	1164	1166	1180	1479	1519	1521	1527
965	1084	1083	1180	1296	1480	1479	1527	1586
966	1298	1292	1082	1081	1587	1583	1478	1477
967	1296	1300	1171	1105	1586	1588	1523	1490
968	1087	1059	1047	1120	1481	1467	1461	1497
969	1302	1087	1120	1119	1589	1481	1497	1496
970	1304	1088	1087	1302	1590	1482	1481	1589
971	1114	1113	1307	1308	1495	1494	1591	1592
972	1307	1310	1293	1292	1591	1593	1584	1583
973	1122	1121	1154	1159	1499	1498	1515	1517
974	1114	1308	1313	1314	1495	1592	1594	1595
975	1313	1317	1318	1314	1594	1596	1597	1595
976	1111	1114	1314	1320	1492	1495	1595	1598
977	1323	1324	1128	1127	1599	1600	1501	1500
978	1320	1326	1324	1323	1598	1601	1600	1599
979	1112	1323	1127	1175	1493	1599	1500	1525
980	1314	1318	1326	1320	1595	1597	1601	1598
981	1308	1307	1292	1298	1592	1591	1583	1587
982	1081	1084	1101	1095	1477	1480	1488	1484
983	1084	1296	1105	1101	1480	1586	1490	1488
984	1329	1330	1216	1215	1602	1603	1546	1545
985	1153	1147	1150	1154	1514	1510	1513	1515
986	1130	1129	1333	1334	1503	1502	1604	1605
987	1176	1130	1334	1336	1526	1503	1605	1606
988	1166	1165	1338	1181	1521	1520	1607	1528
989	1111	1320	1323	1112	1492	1598	1599	1493
990	1063	1090	1329	1215	1469	1483	1602	1545
991	1336	1090	1088	1304	1606	1483	1482	1590
992	1336	1334	1329	1090	1606	1605	1602	1483
993	1149	276	334	1340	1512	606	635	1608
994	1340	334	336	1338	1608	635	636	1607
995	1342	1150	1149	1340	1609	1513	1512	1608
996	1160	1159	1342	1165	1518	1517	1609	1520
997	1159	1154	1150	1342	1517	1515	1513	1609
998	1165	1342	1340	1338	1520	1609	1608	1607
999	1338	336	340	1181	1607	636	638	1528
1000	1181	340	342	1182	1528	638	639	1529
1001	1276	1274	1272	1344	1576	1575	1574	1610
1002	1344	1234	1282	1276	1610	1555	1579	1576
1003	1268	1232	1234	1344	1572	1553	1555	1610
1004	1344	1272	1270	1268	1610	1574	1573	1572
1005	1346	1192	1191	1226	1611	1534	1533	1551
1006	1185	1349	1350	1186	1530	1612	1613	1531
1007	1334	1333	1330	1329	1605	1604	1603	1602
1008	1250	1075	1076	1054	1563	1475	1476	1464
1009	1054	1076	1286	1055	1464	1476	1581	1465
1010	1076	1069	1284	1286	1476	1471	1580	1581
1011	1044	1133	1222	1352	1460	1504	1549	1614
1012	1215	1139	1064	1063	1545	1506	1470	1469
1013	1139	1142	1250	1064	1506	1509	1563	1470
1014	1204	1246	1354	1198	1540	1561	1615	1536
1015	1233	1244	1204	1203	1554	1560	1540	1539
1016	1356	1224	1044	1352	1616	1550	1460	1614
1017	1224	1356	1346	1226	1550	1616	1611	1551
1018	1176	1336	1304	1358	1526	1606	1590	1617
1019	1175	1176	1358	1360	1525	1526	1617	1618
1020	1310	1362	1168	1293	1593	1619	1522	1584
1021	1362	1302	1119	1168	1619	1589	1496	1522
1022	1358	1304	1302	1362	1617	1590	1589	1619
1023	1113	1360	1310	1307	1494	1618	1593	1591
1024	1112	1175	1360	1113	1493	1525	1618	1494
1025	1360	1358	1362	1310	1618	1617	1619	1593
1026	1296	1180	1182	1300	1586	1527	1529	1588
1027	1300	364	140	1171	1588	650	538	1523
1028	1182	342	364	1300	1529	639	650	1588
1029	1098	1097	1317	1313	1487	1486	1596	1594
1030	1298	1081	1095	1098	1587	1477	1484	1487
1031	1308	1298	1098	1313	1592	1587	1487	1594
1032	1188	1288	1349	1185	1532	1582	1612	1530
1033	1199	1364	1221	1220	1537	1620	1548	1547
1034	1198	1354	1364	1199	1536	1615	1620	1537
1035	1211	1248	1148	1147	1543	1562	1511	1510
1036	1226	1191	1248	1211	1551	1533	1562	1543
1037	1148	1248	226	275	1511	1562	581	605
1038	1186	1350	1256	1255	1531	1613	1565	1564
1039	1237	1255	1258	1274	1556	1564	1567	1575
1040	1266	1265	1262	1261	1571	1570	1569	1568
1041	1270	1261	243	258	1573	1568	589	597
1042	1208	1232	253	182	1542	1553	594	558
1043	1208	1207	1244	1233	1542	1541	1560	1554
1044	181	368	1242	1207	557	652	1558	1541
1045	1262	1265	1367	1368	1569	1570	1621	1622
1046	244	1262	1368	374	590	1569	1622	655
1047	1265	1257	1370	1367	1570	1566	1623	1621
1048	1257	1256	1372	1370	1566	1565	1624	1623
1049	1256	1350	1374	1372	1565	1613	1625	1624
1050	1350	1349	1376	1374	1613	1612	1626	1625
1051	1349	1288	1378	1376	1612	1582	1627	1626
1052	1288	1141	1380	1378	1582	1508	1628	1627
1053	1141	1140	1382	1380	1508	1507	1629	1628
1054	1140	1216	1384	1382	1507	1546	1630	1629
1055	1216	1330	1386	1384	1546	1603	1631	1630
1056	1330	1333	1388	1386	1603	1604	1632	1631
1057	1333	1129	1390	1388	1604	1502	1633	1632
1058	1129	1128	1392	1390	1502	1501	1634	1633
1059	1128	1324	1394	1392	1501	1600	1635	1634
1060	1324	1326	1396	1394	1600	1601	1636	1635
1061	1326	1318	1398	1396	1601	1597	1637	1636
1062	1318	1317	1400	1398	1597	1596	1638	1637
1063	1317	1097	1402	1400	1596	1486	1639	1638
1064	1097	1096	1404	1402	1486	1485	1640	1639
1065	1096	1102	1406	1404	1485	1489	1641	1640
1066	1102	1106	1408	1406	1489	1491	1642	1641
1067	1106	1172	1410	1408	1491	1524	1643	1642
1068	1172	139	418	1410	1524	537	677	1643
1069	374	1368	1412	421	655	1622	1644	678
1070	1368	1367	1414	1412	1622	1621	1645	1644
1071	1367	1370	1416	1414	1621	1623	1646	1645
1072	1370	1372	1418	1416	1623	1624	1647	1646
1073	1372	1374	1420	1418	1624	1625	1648	1647
1074	1374	1376	1422	1420	1625	1626	1649	1648
1075	1376	1378	1424	1422	1626	1627	1650	1649
1076	1378	1380	1426	1424	1627	1628	1651	1650
1077	1380	1382	1428	1426	1628	1629	1652	1651
1078	1382	1384	1430	1428	1629	1630	1653	1652
1079	1384	1386	1432	1430	1630	1631	1654	1653
1080	1386	1388	1434	1432	1631	1632	1655	1654
1081	1388	1390	1436	1434	1632	1633	1656	1655
1082	1390	1392	1438	1436	1633	1634	1657	1656
1083	1392	1394	1440	1438	1634	1635	1658	1657
1084	1394	1396	1442	1440	1635	1636	1659	1658
1085	1396	1398	1444	1442	1636	1637	1660	1659
1086	1398	1400	1446	1444	1637	1638	1661	1660
1087	1400	1402	1448	1446	1638	1639	1662	1661
1088	1402	1404	1450	1448	1639	1640	1663	1662
1089	1404	1406	1452	1450	1640	1641	1664	1663
1090	1406	1408	1454	1452	1641	1642	1665	1664
1091	1408	1410	1456	1454	1642	1643	1666	1665
1092	1410	418	468	1456	1643	677	702	1666
1093	1457	1458	1459	1460	1667	1668	1669	1670
1094	1461	1458	1457	1462	1671	1668	1667	1672
1095	1463	1464	1465	1466	1673	1674	1675	1676
1096	1466	1467	1468	1463	1676	1677	1678	1673
1097	1469	1470	1463	1468	1679	1680	1673	1678
1098	1471	1472	1473	1474	1681	1682	1683	1684
1099	1475	1472	1471	1476	1685	1682	1681	1686
1100	1477	1478	1479	1480	1687	1688	1689	1690
1101	1481	1482	1468	1467	1691	1692	1678	1677
1102	1469	1468	1482	1483	1679	1678	1692	1693
1103	1484	1485	1486	1487	1694	1695	1696	1697
1104	1488	1489	1485	1484	1698	1699	1695	1694
1105	1490	1491	1489	1488	1700	1701	1699	1698
1106	1492	1493	1494	1495	1702	1703	1704	1705
1107	1496	1497	1498	1499	1706	1707	1708	1709
1108	1500	1501	1502	1503	1710	1711	1712	1713
1109	1504	1460	1459	1505	1714	1670	1669	1715
1110	1506	1507	1508	1509	1716	1717	1718	1719
1111	1510	1511	1512	1513	1720	1721	1722	1723
1112	1514	1515	1498	1462	1724	1725	1708	1672
1113	1516	1499	1517	1518	1726	1709	1727	1728
1114	1519	1518	1520	1521	1729	1728	1730	1731
1115	1522	1496	1499	1516	1732	1706	1709	1726
1116	1523	1524	1491	1490	1733	1734	1701	1700
1117	538	537	1524	1523	772	771	1734	1733
1118	1525	1500	1503	1526	1735	1710	1713	1736
1119	1527	1521	1528	1529	1737	1731	1738	1739
1120	1472	1530	1531	1473	1682	1740	1741	1683
1121	1532	1530	1472	1475	1742	1740	1682	1685
1122	1533	1534	550	549	1743	1744	784	783
1123	1535	1536	1537	1538	1745	1746	1747	1748
1124	1539	1540	1536	1535	1749	1750	1746	1745
1125	558	557	1541	1542	792	791	1751	1752
1126	1543	1510	1514	1544	1753	1720	1724	1754
1127	1545	1546	1507	1506	1755	1756	1717	1716
1128	1547	1548	1549	1504	1757	1758	1759	1714
1129	1462	1457	1544	1514	1672	1667	1754	1724
1130	1460	1550	1544	1457	1670	1760	1754	1667
1131	1551	1543	1544	1550	1761	1753	1754	1760
1132	1538	1537	1547	1552	1748	1747	1757	1762
1133	1552	1547	1504	1505	1762	1757	1714	1715
1134	1553	1542	1554	1555	1763	1752	1764	1765
1135	1474	1473	1556	1557	1684	1683	1766	1767
1136	1541	1558	1559	1560	1751	1768	1769	1770
1137	1560	1559	1561	1540	1770	1769	1771	1750
1138	1562	1533	549	581	1772	1743	783	815
1139	1470	1563	1464	1463	1680	1773	1674	1673
1140	1564	1565	1566	1567	1774	1775	1776	1777
1141	1568	1569	590	589	1778	1779	824	823
1142	1567	1566	1570	1571	1777	1776	1780	1781
1143	1553	1572	595	594	1763	1782	829	828
1144	1572	1573	597	595	1782	1783	831	829
1145	1574	1571	1568	1573	1784	1781	1778	1783
1146	1575	1567	1571	1574	1785	1777	1781	1784
1147	1557	1556	1575	1576	1767	1766	1785	1786
1148	1473	1531	1564	1556	1683	1741	1774	1766
1149	1538	1577	1578	1535	1748	1787	1788	1745
1150	1535	1578	1579	1539	1745	1788	1789	1749
1151	1465	1459	1458	1466	1675	1669	1668	1676
1152	1557	1578	1577	1474	1767	1788	1787	1684
1153	1474	1577	1580	1471	1684	1787	1790	1681
1154	1552	1580	1577	1538	1762	1790	1787	1748
1155	1511	605	606	1512	1721	839	840	1722
1156	1555	1554	1539	1579	1765	1764	1749	1789
1157	1576	1579	1578	1557	1786	1789	1788	1767
1158	1458	1461	1467	1466	1668	1671	1677	1676
1159	1498	1497	1461	1462	1708	1707	1671	1672
1160	1581	1505	1459	1465	1791	1715	1669	1675
1161	1552	1505	1581	1580	1762	1715	1791	1790
1162	1509	1508	1582	1532	1719	1718	1792	1742
1163	1509	1532	1475	1563	1719	1742	1685	1773
1164	1583	1584	1585	1478	1793	1794	1795	1688
1165	1584	1522	1516	1585	1794	1732	1726	1795
1166	1478	1585	1519	1479	1688	1795	1729	1689
1167	1585	1516	1518	1519	1795	1726	1728	1729
1168	1479	1519	1521	1527	1689	1729	1731	1737
1169	1480	1479	1527	1586	1690	1689	1737	1796
1170	1587	1583	1478	1477	1797	1793	1688	1687
1171	1586	1588	1523	1490	1796	1798	1733	1700
1172	1481	1467	1461	1497	1691	1677	1671	1707
1173	1589	1481	1497	1496	1799	1691	1707	1706
1174	1590	1482	1481	1589	1800	1692	1691	1799
1175	1495	1494	1591	1592	1705	1704	1801	1802
1176	1591	1593	1584	1583	1801	1803	1794	1793
1177	1499	1498	1515	1517	1709	1708	1725	1727
1178	1495	1592	1594	1595	1705	1802	1804	1805
1179	1594	1596	1597	1595	1804	1806	1807	1805
1180	1492	1495	1595	1598	1702	1705	1805	1808
1181	1599	1600	1501	1500	1809	1810	1711	1710
1182	1598	1601	1600	1599	1808	1811	1810	1809
1183	1493	1599	1500	1525	1703	1809	1710	1735
1184	1595	1597	1601	1598	1805	1807	1811	1808
1185	1592	1591	1583	1587	1802	1801	1793	1797
1186	1477	1480	1488	1484	1687	1690	1698	1694
1187	1480	1586	1490	1488	1690	1796	1700	1698
1188	1602	1603	1546	1545	1812	1813	1756	1755
1189	1514	1510	1513	1515	1724	1720	1723	1725
1190	1503	1502	1604	1605	1713	1712	1814	1815
1191	1526	1503	1605	1606	1736	1713	1815	1816
1192	1521	1520	1607	1528	1731	1730	1817	1738
1193	1492	1598	1599	1493	1702	1808	1809	1703
1194	1469	1483	1602	1545	1679	1693	1812	1755
1195	1606	1483	1482	1590	1816	1693	1692	1800
1196	1606	1605	1602	1483	1816	1815	1812	1693
1197	1512	606	635	1608	1722	840	869	1818
1198	1608	635	636	1607	1818	869	870	1817
1199	1609	1513	1512	1608	1819	1723	1722	1818
1200	1518	1517	1609	1520	1728	1727	1819	1730
1201	1517	1515	1513	1609	1727	1725	1723	1819
1202	1520	1609	1608	1607	1730	1819	1818	1817
1203	1607	636	638	1528	1817	870	872	1738
1204	1528	638	639	1529	1738	872	873	1739
1205	1576	1575	1574	1610	1786	1785	1784	1820
1206	1610	1555	1579	1576	1820	1765	1789	1786
1207	1572	1553	1555	1610	1782	1763	1765	1820
1208	1610	1574	1573	1572	1820	1784	1783	1782
1209	1611	1534	1533	1551	1821	1744	1743	1761
1210	1530	1612	1613	1531	1740	1822	1823	1741
1211	1605	1604	1603	1602	1815	1814	1813	1812
1212	1563	1475	1476	1464	1773	1685	1686	1674
1213	1464	1476	1581	1465	1674	1686	1791	1675
1214	1476	1471	1580	1581	1686	1681	1790	1791
1215	1460	1504	1549	1614	1670	1714	1759	1824
1216	1545	1506	1470	1469	1755	1716	1680	1679
1217	1506	1509	1563	1470	1716	1719	1773	1680
1218	1540	1561	1615	1536	1750	1771	1825	1746
1219	1554	1560	1540	1539	1764	1770	1750	1749
1220	1616	1550	1460	1614	1826	1760	1670	1824
1221	1550	1616	1611	1551	1760	1826	1821	1761
1222	1526	1606	1590	1617	1736	1816	1800	1827
1223	1525	1526	1617	1618	1735	1736	1827	1828
1224	1593	1619	1522	1584	1803	1829	1732	1794
1225	1619	1589	1496	1522	1829	1799	1706	1732
1226	1617	1590	1589	1619	1827	1800	1799	1829
1227	1494	1618	1593	1591	1704	1828	1803	1801
1228	1493	1525	1618	1494	1703	1735	1828	1704
1229	1618	1617	1619	1593	1828	1827	1829	1803
1230	1586	1527	1529	1588	1796	1737	1739	1798
1231	1588	650	538	1523	1798	884	772	1733
1232	1529	639	650	1588	1739	873	884	1798
1233	1487	1486	1596	1594	1697	1696	1806	1804
1234	1587	1477	1484	1487	1797	1687	1694	1697
1235	1592	1587	1487	1594	1802	1797	1697	1804
1236	1532	1582	1612	1530	1742	1792	1822	1740
1237	1537	1620	1548	1547	1747	1830	1758	1757
1238	1536	1615	1620	1537	1746	1825	1830	1747
1239	1543	1562	1511	1510	1753	1772	1721	1720
1240	1551	1533	1562	1543	1761	1743	1772	1753
1241	1511	1562	581	605	1721	1772	815	839
1242	1531	1613	1565	1564	1741	1823	1775	1774
1243	1556	1564	1567	1575	1766	1774	1777	1785
1244	1571	1570	1569	1568	1781	1780	1779	1778
1245	1573	1568	589	597	1783	1778	823	831
1246	1542	1553	594	558	1752	1763	828	792
1247	1542	1541	1560	1554	1752	1751	1770	1764
1248	557	652	1558	1541	791	886	1768	1751
1249	1569	1570	1621	1622	1779	1780	1831	1832
1250	590	1569	1622	655	824	1779	1832	889
1251	1570	1566	1623	1621	1780	1776	1833	1831
1252	1566	1565	1624	1623	1776	1775	1834	1833
1253	1565	1613	1625	1624	1775	1823	1835	1834
1254	1613	1612	1626	1625	1823	1822	1836	1835
1255	1612	1582	1627	1626	1822	1792	1837	1836
1256	1582	1508	1628	1627	1792	1718	1838	1837
1257	1508	1507	1629	1628	1718	1717	1839	1838
1258	1507	1546	1630	1629	1717	1756	1840	1839
1259	1546	1603	1631	1630	1756	1813	1841	1840
1260	1603	1604	1632	1631	1813	1814	1842	1841
1261	1604	1502	1633	1632	1814	1712	1843	1842
1262	1502	1501	1634	1633	1712	1711	1844	1843
1263	1501	1600	1635	1634	1711	1810	1845	1844
1264	1600	1601	1636	1635	1810	1811	1846	1845
1265	1601	1597	1637	1636	1811	1807	1847	1846
1266	1597	1596	1638	1637	1807	1806	1848	1847
1267	1596	1486	1639	1638	1806	1696	1849	1848
1268	1486	1485	1640	1639	1696	1695	1850	1849
1269	1485	1489	1641	1640	1695	1699	1851	1850
1270	1489	1491	1642	1641	1699	1701	1852	1851
1271	1491	1524	1643	1642	1701	1734	1853	1852
1272	1524	537	677	1643	1734	771	911	1853
1273	655	1622	1644	678	889	1832	1854	912
1274	1622	1621	1645	1644	1832	1831	1855	1854
1275	1621	1623	1646	1645	1831	1833	1856	1855
1276	1623	1624	1647	1646	1833	1834	1857	1856
1277	1624	1625	1648	1647	1834	1835	1858	1857
1278	1625	1626	1649	1648	1835	1836	1859	1858
1279	1626	1627	1650	1649	1836	1837	1860	1859
1280	1627	1628	1651	1650	1837	1838	1861	1860
1281	1628	1629	1652	1651	1838	1839	1862	1861
1282	1629	1630	1653	1652	1839	1840	1863	1862
1283	1630	1631	1654	1653	1840	1841	1864	1863
1284	1631	1632	1655	1654	1841	1842	1865	1864
1285	1632	1633	1656	1655	1842	1843	1866	1865
1286	1633	1634	1657	1656	1843	1844	1867	1866
1287	1634	1635	1658	1657	1844	1845	1868	1867
1288	1635	1636	1659	1658	1845	1846	1869	1868
1289	1636	1637	1660	1659	1846	1847	1870	1869
1290	1637	1638	1661	1660	1847	1848	1871	1870
1291	1638	1639	1662	1661	1848	1849	1872	1871
1292	1639	1640	1663	1662	1849	1850	1873	1872
1293	1640	1641	1664	1663	1850	1851	1874	1873
1294	1641	1642	1665	1664	1851	1852	1875	1874
1295	1642	1643	1666	1665	1852	1853	1876	1875
1296	1643	677	702	1666	1853	911	936	1876
1297	1411	419	421	1412	1877	937	940	1878
1298	1413	1411	1412	1414	1879	1877	1878	1880
1299	1415	1413	1414	1416	1881	1879	1880	1882
1300	1417	1415	1416	1418	1883	1881	1882	1884
1301	1419	1417	1418	1420	1885	1883	1884	1886
1302	1421	1419	1420	1422	1887	1885	1886	1888
1303	1423	1421	1422	1424	1889	1887	1888	1890
1304	1425	1423	1424	1426	1891	1889	1890	1892
1305	1427	1425	1426	1428	1893	1891	1892	1894
1306	1429	1427	1428	1430	1895	1893	1894	1896
1307	1431	1429	1430	1432	1897	1895	1896	1898
1308	1433	1431	1432	1434	1899	1897	1898	1900
1309	1435	1433	1434	1436	1901	1899	1900	1902
1310	1437	1435	1436	1438	1903	1901	1902	1904
1311	1439	1437	1438	1440	1905	1903	1904	1906
1312	1441	1439	1440	1442	1907	1905	1906	1908
1313	1443	1441	1442	1444	1909	1907	1908	1910
1314	1445	1443	1444	1446	1911	1909	1910	1912
1315	1447	1445	1446	1448	1913	1911	1912	1914
1316	1449	1447	1448	1450	1915	1913	1914	1916
1317	1451	1449	1450	1452	1917	1915	1916	1918
1318	1453	1451	1452	1454	1919	1917	1918	1920
1319	1455	1453	1454	1456	1921	1919	1920	1922
1320	467	1455	1456	468	985	1921	1922	986
1321	1412	421	678	1644	1878	940	988	1923
1322	1414	1412	1644	1645	1880	1878	1923	1924
1323	1416	1414	1645	1646	1882	1880	1924	1925
1324	1418	1416	1646	1647	1884	1882	1925	1926
1325	1420	1418	1647	1648	1886	1884	1926	1927
1326	1422	1420	1648	1649	1888	1886	1927	1928
1327	1424	1422	1649	1650	1890	1888	1928	1929
1328	1426	1424	1650	1651	1892	1890	1929	1930
1329	1428	1426	1651	1652	1894	1892	1930	1931
1330	1430	1428	1652	1653	1896	1894	1931	1932
1331	1432	1430	1653	1654	1898	1896	1932	1933
1332	1434	1432	1654	1655	1900	1898	1933	1934
1333	1436	1434	1655	1656	1902	1900	1934	1935
1334	1438	1436	1656	1657	1904	1902	1935	1936
1335	1440	1438	1657	1658	1906	1904	1936	1937
1336	1442	1440	1658	1659	1908	1906	1937	1938
1337	1444	1442	1659	1660	1910	1908	1938	1939
1338	1446	1444	1660	1661	1912	1910	1939	1940
1339	1448	1446	1661	1662	1914	1912	1940	1941
1340	1450	1448	1662	1663	1916	1914	1941	1942
1341	1452	1450	1663	1664	1918	1916	1942	1943
1342	1454	1452	1664	1665	1920	1918	1943	1944
1343	1456	1454	1665	1666	1922	1920	1944	1945
1344	468	1456	1666	702	986	1922	1945	1011
1345	1644	678	912	1854	1923	988	1013	1946
1346	1645	1644	1854	1855	1924	1923	1946	1947
1347	1646	1645	1855	1856	1925	1924	1947	1948
1348	1647	1646	1856	1857	1926	1925	1948	1949
1349	1648	1647	1857	1858	1927	1926	1949	1950
1350	1649	1648	1858	1859	1928	1927	1950	1951
1351	1650	1649	1859	1860	1929	1928	1951	1952
1352	1651	1650	1860	1861	1930	1929	1952	1953
1353	1652	1651	1861	1862	1931	1930	1953	1954
1354	1653	1652	1862	1863	1932	1931	1954	1955
1355	1654	1653	1863	1864	1933	1932	1955	1956
1356	1655	1654	1864	1865	1934	1933	1956	1957
1357	1656	1655	1865	1866	1935	1934	1957	1958
1358	1657	1656	1866	1867	1936	1935	1958	1959
1359	1658	1657	1867	1868	1937	1936	1959	1960
1360	1659	1658	1868	1869	1938	1937	1960	1961
1361	1660	1659	1869	1870	1939	1938	1961	1962
1362	1661	1660	1870	1871	1940	1939	1962	1963
1363	1662	1661	1871	1872	1941	1940	1963	1964
1364	1663	1662	1872	1873	1942	1941	1964	1965
1365	1664	1663	1873	1874	1943	1942	1965	1966
1366	1665	1664	1874	1875	1944	1943	1966	1967
1367	1666	1665	1875	1876	1945	1944	1967	1968
1368	702	1666	1876	936	1011	1945	1968	1036
